0;0;0;0;0;0;0;0;0;0;0;0;0;0;0;0;0;0;0;0;0;0;0;0;0;0;0;0;0;0;0;0
0;0;0;0;0;0;0;0;0;0;0;0;0;0;0;0;0;0;0;0;0;0;0;0;0;0;0;0;0;0;0;0
1.12682922565616e-06;3.55807644846768e-05;0.00025955225178742;0.00104428239020303;0.00304737346652948;0.00727066955025537;0.0151023058626162;0.0283423617088516;0.0492127550825554;0.0803504102695287;0.124783452736336;0.18589126779184;0.267349153656562;0.373058538504119;0.507064028759143;0.673459369644746;0.876284716813549;1.11941773726535;1.40646091024598;1.74062798962908;2.12463264476087;2.56058212631304;3.04987891174328;3.59313326103395;4.19008916196459;4.83956548231991;5.53941448296678;6.28649933553068;7.07669192500096;7.90489163204725;8.76506478291374;9.65030497727574
0;0;0;0;0;0;0;0;0;0;0;0;0;0;0;0;0;0;0;0;0;0;0;0;0;0;0;0;0;0;0;0
0;0;0;0;0;0;0;0;0;0;0;0;0;0;0;0;0;0;0;0;0;0;0;0;0;0;0;0;0;0;0;0
1.77083856137208e-07;5.6466396396186e-06;4.25892046205426e-05;0.000178753473046224;0.000544351518393478;0.0013496968805227;0.00289800072426925;0.00559454193307097;0.009951889244609;0.016590719106358;0.0262363797854269;0.0397112473187713;0.0579229839709762;0.0818487399147052;0.112515728582065;0.15097871394022;0.19829500193787;0.255497271920445;0.323564932879881;0.403394889203101;0.495772305638507;0.60134212883798;0.720582329822624;0.853779645418775;1.00100816899988;1.16211151186732;1.33668910048422;1.52408719148654;1.72339512233881;1.93344654908231;2.15282621201127;2.37988234751415
0;0;0;0;0;0;0;0;0;0;0;0;0;0;0;0;0;0;0;0;0;0;0;0;0;0;0;0;0;0;0;0
0;0;0;0;0;0;0;0;0;0;0;0;0;0;0;0;0;0;0;0;0;0;0;0;0;0;0;0;0;0;0;0
7.13098304276708e-07;2.23943970751679e-05;0.000160387648925952;0.000632597063243367;0.0018140711151045;0.00426445184095407;0.00874813855272252;0.0162471860139594;0.0279657868189403;0.0453255645095655;0.0699522464522576;0.1036542553318;0.148393092454105;0.206246028943767;0.279362134357058;0.369912662968495;0.480036802433799;0.611784062617704;0.767054842493149;0.947540619824108;1.1546652936484;1.38952935307247;1.6528583649594;1.94495714602207;2.26567092785835;2.61435460171817;2.98985120215933;3.3904804822117;3.81403811932415;4.25780596165599;4.718573227314;5.19266862771363
0;0;0;0;0;0;0;0;0;0;0;0;0;0;0;0;0;0;0;0;0;0;0;0;0;0;0;0;0;0;0;0
0;0;0;0;0;0;0;0;0;0;0;0;0;0;0;0;0;0;0;0;0;0;0;0;0;0;0;0;0;0;0;0
4.3137817840994e-07;1.3504646176515e-05;9.56274965235353e-05;0.000371167067689062;0.00104532458349612;0.00241403329096951;0.00487262936751254;0.00892089976224547;0.0151636968611165;0.0243077900442593;0.0371550701403569;0.0545916581844288;0.077573019777493;0.107105738854688;0.144226242351237;0.189976705942556;0.245378817785173;0.31140618821547;0.388955938108318;0.478820193760811;0.581658389847495;0.697970996184356;0.828075285216438;0.972083911480622;1.12988685952649;1.30113735980852;1.48524230229718;1.68135748155626;1.888388009942;2.10499374069865;2.32959990985859;2.56041339026963
0;0;0;0;0;0;0;0;0;0;0;0;0;0;0;0;0;0;0;0;0;0;0;0;0;0;0;0;0;0;0;0
0;0;0;0;0;0;0;0;0;0;0;0;0;0;0;0;0;0;0;0;0;0;0;0;0;0;0;0;0;0;0;0
6.96503007224088e-07;2.18841672515827e-05;0.000156957811120636;0.000619030620331013;0.00177154762160131;0.00415010805179411;0.00847604844217273;0.0156627687813389;0.0268154403365103;0.0432234979871041;0.066345848965877;0.0977895399965082;0.139281969834871;0.192636812416989;0.259714383748872;0.342377487138026;0.442443845006309;0.561636296922931;0.701531939556644;0.863511423409569;1.0487096722494;1.2579693988149;1.49179871725101;1.75033406837418;2.03330959096674;2.34003363713483;2.66937333166413;3.01974790711685;3.38913119378473;3.77506374409375;4.17467446086079;4.58471146116239
0;0;0;0;0;0;0;0;0;0;0;0;0;0;0;0;0;0;0;0;0;0;0;0;0;0;0;0;0;0;0;0
0;0;0;0;0;0;0;0;0;0;0;0;0;0;0;0;0;0;0;0;0;0;0;0;0;0;0;0;0;0;0;0
4.50135113276296e-07;1.41068786875989e-05;0.0001002804940309;0.00039140410024133;0.00110915854312761;0.00257617250022216;0.00522434630927188;0.00959847139283623;0.0163541407363794;0.0262506078066659;0.0401403974363927;0.0589560207280738;0.0836930272402685;0.115389530570763;0.155102942922221;0.203884567894568;0.262752557846301;0.332663713746661;0.414484731785071;0.508963712557185;0.61670279937525;0.738132639584533;0.873489384544398;1.02279496775853;1.18584086626437;1.36217580795399;1.55109834524508;1.75165472783512;1.96264225662412;2.18261779142719;2.40991131184384;2.64264478400936
0;0;0;0;0;0;0;0;0;0;0;0;0;0;0;0;0;0;0;0;0;0;0;0;0;0;0;0;0;0;0;0
0;0;0;0;0;0;0;0;0;0;0;0;0;0;0;0;0;0;0;0;0;0;0;0;0;0;0;0;0;0;0;0
6.88571714968909e-07;2.16233861370497e-05;0.000154809287148769;0.000609454732480597;0.00174168786059305;0.00407608567215778;0.00831957990905795;0.0153675197884318;0.0263020722096429;0.042382979765728;0.0650307702450164;0.0958032134106578;0.136365670950008;0.18845619635116;0.253845892994674;0.334295409582399;0.431508671493262;0.547084944561945;0.682470385982001;0.838910247086838;1.01740290761005;1.21865708686541;1.44305337069497;1.69061130054165;1.96096303947603;2.25333426823403;2.56653299348188;2.89894681857712;3.24854903859123;3.61291367409697;3.98923908520505;4.37438012802032
0;0;0;0;0;0;0;0;0;0;0;0;0;0;0;0;0;0;0;0;0;0;0;0;0;0;0;0;0;0;0;0
0;0;0;0;0;0;0;0;0;0;0;0;0;0;0;0;0;0;0;0;0;0;0;0;0;0;0;0;0;0;0;0
4.58260974596064e-07;1.43765943145681e-05;0.000102562541839953;0.000401824943849281;0.00114237486755929;0.00266042146030449;0.00540679737433887;0.00995082793042197;0.0169787563015293;0.0272870349391798;0.0417715473983241;0.0614130930103877;0.0872588680057249;0.120399863767633;0.161945046523133;0.212993090272063;0.274602434624111;0.347760529097108;0.433353090094489;0.532134055164553;0.644697246921367;0.771450383450127;0.912592188524613;1.06809329698035;1.2376811723142;1.42082928683331;1.61675121818388;1.82440016524137;2.04247411889759;2.2694264465944;2.50348177646431;2.74265714707175
0;0;0;0;0;0;0;0;0;0;0;0;0;0;0;0;0;0;0;0;0;0;0;0;0;0;0;0;0;0;0;0
0;0;0;0;0;0;0;0;0;0;0;0;0;0;0;0;0;0;0;0;0;0;0;0;0;0;0;0;0;0;0;0
6.88375358038571e-07;2.16171715072864e-05;0.000154764026344071;0.000609283303567843;0.00174125817605461;0.00407534678735659;0.00831892043679277;0.0153683182345087;0.0263072567295059;0.0423975174764408;0.0650622704460693;0.0958627585688688;0.136468526926695;0.188621810590231;0.254097079067313;0.334656619113328;0.432003320949412;0.547731794008169;0.683279184695481;0.839877029873292;1.01850549266844;1.21985104033473;1.44426873406843;1.69175031768243;1.96189893270884;2.25391093891285;2.56656562869745;2.89822341199293;3.24683282748563;3.60994650475418;3.9847456705162;4.36807308092066
0;0;0;0;0;0;0;0;0;0;0;0;0;0;0;0;0;0;0;0;0;0;0;0;0;0;0;0;0;0;0;0
0;0;0;0;0;0;0;0;0;0;0;0;0;0;0;0;0;0;0;0;0;0;0;0;0;0;0;0;0;0;0;0
4.58050702493228e-07;1.43696968939567e-05;0.000102506092632253;0.00040157582095368;0.00114163264386386;0.00265875705297544;0.00540375106615013;0.00994598685101931;0.0169719099842568;0.0272785178966014;0.0417625003040605;0.0614054040644318;0.0872549720760619;0.120403240045446;0.16196174501191;0.213034371112852;0.274688577629753;0.34792569660717;0.43365082940384;0.532643041957967;0.645526530966545;0.772743685388341;0.914530886854347;1.07089788578665;1.24161118365443;1.42618191365045;1.62385871780693;1.83362603570353;2.05420805937531;2.28407813419986;2.52147356271602;2.76441592993793
0;0;0;0;0;0;0;0;0;0;0;0;0;0;0;0;0;0;0;0;0;0;0;0;0;0;0;0;0;0;0;0
0;0;0;0;0;0;0;0;0;0;0;0;0;0;0;0;0;0;0;0;0;0;0;0;0;0;0;0;0;0;0;0
6.95953259229768e-07;2.18679896826719e-05;0.000156869595826976;0.000618831837402059;0.00177152886304008;0.00415181767765238;0.00848401064770094;0.0156861398040846;0.0268684614947916;0.0433239449737421;0.0665116829758023;0.0980343348134158;0.139609420406453;0.193034725773503;0.260148539392302;0.342785562704307;0.442729555711036;0.561663940778591;0.701121562654466;0.862434854801862;1.04668769244027;1.25467023493221;1.48683799369678;1.74327628968187;2.02367109150341;2.32728692602397;2.6529529547694;2.99905798407317;3.36355477424811;3.74397370114139;4.13744544428171;4.5407327706696
0;0;0;0;0;0;0;0;0;0;0;0;0;0;0;0;0;0;0;0;0;0;0;0;0;0;0;0;0;0;0;0
0;0;0;0;0;0;0;0;0;0;0;0;0;0;0;0;0;0;0;0;0;0;0;0;0;0;0;0;0;0;0;0
4.48897239196744e-07;1.40674559120042e-05;9.99883170564684e-05;0.000390292296499257;0.00110632686173983;0.00257044010004763;0.00521407516553294;0.00958202273758122;0.0163323155629049;0.0262320097663955;0.0401491416658744;0.0590405508695964;0.0839354082611324;0.115915020292565;0.156089480938632;0.205571657298176;0.265449105118686;0.336754505005396;0.420435267428882;0.517323130467647;0.628104665639863;0.753293414279204;0.893204399309548;1.04793185392718;1.21733062749389;1.40100178285029;1.59828295541658;1.80824385260079;2.0296872213668;2.26115548620916;2.50094324552825;2.74711548947329
0;0;0;0;0;0;0;0;0;0;0;0;0;0;0;0;0;0;0;0;0;0;0;0;0;0;0;0;0;0;0;0
0;0;0;0;0;0;0;0;0;0;0;0;0;0;0;0;0;0;0;0;0;0;0;0;0;0;0;0;0;0;0;0
7.19770403151063e-07;2.26320381652738e-05;0.000162728123181937;0.000643461972650762;0.00184544360533352;0.00433165343043068;0.0088653617386523;0.0164209129356071;0.0281866799645786;0.0455596400139733;0.0701315826861674;0.103667589381122;0.14807670939984;0.205375278059697;0.277643857531278;0.366978819818413;0.475439650649465;0.604993305269119;0.757456973744249;0.934440568934233;1.1372904150402;1.36703575641117;1.62433958516672;1.90945512789258;2.22218921043722;2.56187348356992;2.92734463531189;3.31693441281298;3.72846990819764;4.15928433881604;4.60623836682644;5.06575224230768
0;0;0;0;0;0;0;0;0;0;0;0;0;0;0;0;0;0;0;0;0;0;0;0;0;0;0;0;0;0;0;0
0;0;0;0;0;0;0;0;0;0;0;0;0;0;0;0;0;0;0;0;0;0;0;0;0;0;0;0;0;0;0;0
4.15212580804377e-07;1.29926876552475e-05;9.19206672464134e-05;0.000357916662040139;0.00101637144815731;0.002374274501547;0.00485318005340113;0.00899684334520254;0.0154737505238973;0.0250749385667273;0.0387073294849116;0.057382210164586;0.0821989564686498;0.114324533008372;0.154969118976733;0.205358331341561;0.266702810093131;0.34016591289136;0.426830225268515;0.527663800378111;0.643487022811099;0.774940836977257;0.922457222372289;1.08623290601629;1.26620698642871;1.46204304991976;1.67311636507233;1.89850667824139;2.13699711502621;2.38707930536663;2.64696469286801;2.91460195142631
0;0;0;0;0;0;0;0;0;0;0;0;0;0;0;0;0;0;0;0;0;0;0;0;0;0;0;0;0;0;0;0
0;0;0;0;0;0;0;0;0;0;0;0;0;0;0;0;0;0;0;0;0;0;0;0;0;0;0;0;0;0;0;0
7.83154478791367e-07;2.48095677583272e-05;0.000182938485543682;0.000744350092131386;0.00219197674246314;0.00526623412562244;0.0109982197676831;0.0207313344255067;0.0361301805530741;0.0591763280206208;0.0921513890253455;0.137607997682438;0.198328887008032;0.27727479972269;0.377522437340468;0.502193791050325;0.654378449514549;0.837050951273472;1.05298514156071;1.30466763872518;1.59421272640495;1.92328091915223;2.2930032875452;2.70391366149822;3.15589091867908;3.64811287860159;4.17902326570013;4.74631298407872;5.34691661079075;5.97702492233743;6.63211341773847;7.30698662046902
0;0;0;0;0;0;0;0;0;0;0;0;0;0;0;0;0;0;0;0;0;0;0;0;0;0;0;0;0;0;0;0
0;0;0;0;0;0;0;0;0;0;0;0;0;0;0;0;0;0;0;0;0;0;0;0;0;0;0;0;0;0;0;0
7.14039710136847e-07;2.26118011462122e-05;0.000166527388522949;0.000676588294525785;0.00198953304185383;0.00477325558171515;0.00995601057892202;0.0187452858439611;0.0326351396693791;0.0534016801591916;0.0830871979509096;0.123973663545002;0.178545675535954;0.249443433787143;0.33940690259584;0.451212466847399;0.587603493379171;0.751216392497966;0.944504177397607;1.16965938101998;1.42853832494413;1.72258877924268;2.05278299229275;2.41955799280159;2.8227646863096;3.26162736782736;3.73471498605159;4.23992527117286;4.77448261072434;5.33494994846397;5.91725496631241;6.51673055523655
0;0;0;0;0;0;0;0;0;0;0;0;0;0;0;0;0;0;0;0;0;0;0;0;0;0;0;0;0;0;0;0
0;0;0;0;0;0;0;0;0;0;0;0;0;0;0;0;0;0;0;0;0;0;0;0;0;0;0;0;0;0;0;0
5.68858211932423e-07;1.78014647046759e-05;0.000125941001192428;0.000489782965406878;0.00138666049910464;0.00322420781298581;0.00655220217179087;0.0120689382164789;0.0206217606413161;0.0332016697083012;0.0509325791420465;0.0750548693946421;0.106903473640349;0.147881036826058;0.199426784360841;0.26298185699248;0.339951962512044;0.431668231196292;0.539347114996714;0.664050433058068;0.806646612342804;0.967774229537279;1.14780885413842;1.3468339937494;1.56461699296356;1.8005906007296;2.05384103263853;2.32310304809127;2.60676213973685;2.90286409731222;3.20913195679792;3.5229901558723
0;0;0;0;0;0;0;0;0;0;0;0;0;0;0;0;0;0;0;0;0;0;0;0;0;0;0;0;0;0;0;0
0;0;0;0;0;0;0;0;0;0;0;0;0;0;0;0;0;0;0;0;0;0;0;0;0;0;0;0;0;0;0;0
2.69379772239147e-07;8.4329382141756e-06;5.97111062246893e-05;0.000231759427342097;0.000651879067758771;0.00149989936139534;0.00300943906694549;0.00546792978293727;0.00921512776545472;0.0146399632230966;0.0221751500461634;0.0322896543133989;0.0454795366849415;0.0622572589241492;0.083139566906078;0.108634334577603;0.139226750151378;0.175365037923314;0.217446041519233;0.265801230671221;0.320683551371982;0.382255288420541;0.450577113677728;0.525598833703278;0.607152159820351;0.694945810224972;0.788563071493237;0.887461684383305;0.990976409243399;1.09832418382809;1.20861170732401;1.32084575464638
0;0;0;0;0;0;0;0;0;0;0;0;0;0;0;0;0;0;0;0;0;0;0;0;0;0;0;0;0;0;0;0
0;0;0;0;0;0;0;0;0;0;0;0;0;0;0;0;0;0;0;0;0;0;0;0;0;0;0;0;0;0;0;0
3.60591335693417e-07;1.11158570105535e-05;7.45192497689607e-05;0.00027172551015391;0.000723861681998004;0.00159553489422268;0.00309764697503557;0.00548811434964088;0.00907081754479342;0.0141931485031773;0.0212419208510221;0.0306374149746555;0.0428256835468447;0.0582693675387301;0.0774373285103762;0.100793336937433;0.128783971151794;0.161825969333492;0.200293401893035;0.244505026457481;0.294712181230052;0.351087575081257;0.413715263865812;0.482581958587696;0.557569889035304;0.63845162976667;0.724887115259598;0.81642289561963;0.912493654700357;1.0124261199386;1.11544539001256;1.22068333454657
0;0;0;0;0;0;0;0;0;0;0;0;0;0;0;0;0;0;0;0;0;0;0;0;0;0;0;0;0;0;0;0
0;0;0;0;0;0;0;0;0;0;0;0;0;0;0;0;0;0;0;0;0;0;0;0;0;0;0;0;0;0;0;0
3.15217275385791e-07;9.75428176374818e-06;6.62603050430112e-05;0.000244285655150563;0.000652600929796329;0.00143067001436096;0.002746127722727;0.00479292903145795;0.0077895570756247;0.0119764060923623;0.0176117510191375;0.0249665846495338;0.0343187859206304;0.0459468715493623;0.0601232995663336;0.0771072411335482;0.0971370498675932;0.120422723424119;0.14713863068544;0.177416731793167;0.21134047684767;0.248939384259365;0.290184263963782;0.334983412240671;0.383180125985741;0.434551594830853;0.488809025541317;0.545599034432702;0.604506512367997;0.665058693305288;0.726730228799776;0.788949795775783
0;0;0;0;0;0;0;0;0;0;0;0;0;0;0;0;0;0;0;0;0;0;0;0;0;0;0;0;0;0;0;0
0;0;0;0;0;0;0;0;0;0;0;0;0;0;0;0;0;0;0;0;0;0;0;0;0;0;0;0;0;0;0;0
3.58898265059566e-07;1.10768864498498e-05;7.45556519545968e-05;0.000272492248240619;0.000724952323236101;0.00159044835816691;0.00306532835804406;0.00538188925530885;0.00880557253849882;0.0136314442594415;0.0201798489716754;0.0287908404027455;0.039817373565459;0.0536174552452133;0.070545552700826;0.090943508084698;0.115131120912404;0.143396615816463;0.175987268695049;0.213100438928398;0.254875153486434;0.301384506200191;0.352629149109345;0.408531981498656;0.468934190185894;0.533592856568697;0.602180254128525;0.674284919018858;0.749414363039836;0.82699951294973;0.906400994678587;0.986916981517281
0;0;0;0;0;0;0;0;0;0;0;0;0;0;0;0;0;0;0;0;0;0;0;0;0;0;0;0;0;0;0;0
0;0;0;0;0;0;0;0;0;0;0;0;0;0;0;0;0;0;0;0;0;0;0;0;0;0;0;0;0;0;0;0
3.18877888622953e-07;9.86955569718195e-06;6.7095499446627e-05;0.000247669380645295;0.000662729197130211;0.001455364936977;0.00279691629649233;0.00488319284206291;0.00793080472259775;0.0121732030483449;0.0178560777314822;0.0252319650912744;0.0345541520234988;0.0460702685514546;0.0600158077543043;0.0766076487798524;0.0960375855867951;0.11846594757589;0.144015518429756;0.172765994659882;0.204749246663013;0.239945416526532;0.278279785751212;0.319620580704057;0.363777873965048;0.410503771967111;0.459493906229803;0.510390030137204;0.562783818508791;0.6162217472315;0.670210831434766;0.724225488902435
0;0;0;0;0;0;0;0;0;0;0;0;0;0;0;0;0;0;0;0;0;0;0;0;0;0;0;0;0;0;0;0
0;0;0;0;0;0;0;0;0;0;0;0;0;0;0;0;0;0;0;0;0;0;0;0;0;0;0;0;0;0;0;0
3.56999132944045e-07;1.10144430467623e-05;7.40439544559529e-05;0.000270280241517293;0.000718243371115279;0.00157390003184923;0.00302995646269179;0.00531384607257011;0.00868444831140527;0.0134277487592377;0.019851440997881;0.0282784060756858;0.0390393824484614;0.0524651118513606;0.0688778983102434;0.0885828618744012;0.111859133013553;0.138951125019643;0.170060110226938;0.205336315309419;0.244871728082532;0.288693859389245;0.3367605736111;0.388956174152855;0.445088811327947;0.504889526276829;0.568012964406061;0.634039721856202;0.702480210198513;0.772779987119587;0.844326558825254;0.916457491850689
0;0;0;0;0;0;0;0;0;0;0;0;0;0;0;0;0;0;0;0;0;0;0;0;0;0;0;0;0;0;0;0
0;0;0;0;0;0;0;0;0;0;0;0;0;0;0;0;0;0;0;0;0;0;0;0;0;0;0;0;0;0;0;0
3.20514031700147e-07;9.92276307656679e-06;6.75208847150895e-05;0.000249536845633822;0.000668633205072458;0.00147063249224395;0.00283113125561965;0.00495174295663898;0.00805630437486365;0.012386807039296;0.0181985350371276;0.0257542550716558;0.0353177226252143;0.0471466057377877;0.0614851048727235;0.0785564531128096;0.0985555475199544;0.121641974487948;0.147933654109082;0.177501178184772;0.210363227052887;0.246482917056107;0.285765008744095;0.328054186936068;0.373134648133334;0.42073110138674;0.470511069184507;0.522088308410568;0.575027385913376;0.62884923096062;0.683037508954173;0.737046130178381
0;0;0;0;0;0;0;0;0;0;0;0;0;0;0;0;0;0;0;0;0;0;0;0;0;0;0;0;0;0;0;0
0;0;0;0;0;0;0;0;0;0;0;0;0;0;0;0;0;0;0;0;0;0;0;0;0;0;0;0;0;0;0;0
3.56943247607639e-07;1.10127248548158e-05;7.40325789017605e-05;0.000270240522812496;0.000718155972591832;0.00157380863502885;0.00303011095479127;0.0053148727520277;0.00868747165394247;0.013434477704213;0.019864369663258;0.0283012422489554;0.0390774364576143;0.0525253156040579;0.0689684692864339;0.0887125543241597;0.112036121431729;0.139181470573132;0.170345936245735;0.20567388812003;0.24524969465751;0.289091735134983;0.337147640091948;0.389290803355022;0.445318178575654;0.504949608865203;0.567828862304904;0.633526357380279;0.701543424154862;0.771317992161226;0.842231691240032;0.913618181865774
0;0;0;0;0;0;0;0;0;0;0;0;0;0;0;0;0;0;0;0;0;0;0;0;0;0;0;0;0;0;0;0
0;0;0;0;0;0;0;0;0;0;0;0;0;0;0;0;0;0;0;0;0;0;0;0;0;0;0;0;0;0;0;0
3.20449845033094e-07;9.92072960828386e-06;6.75058832794472e-05;0.000249475429136585;0.000668445638182463;0.0014701647178185;0.00283018725903493;0.0049502351426422;0.0080544811928586;0.012385448770993;0.0181990824143734;0.0257588657788416;0.0353292071647469;0.047168578670666;0.0615224406352035;0.0786161307058107;0.0986479256947737;0.121782375507263;0.148144068145821;0.177812030598768;0.210814871334955;0.247126748046624;0.286664099147541;0.329283432712676;0.374780458297615;0.422890763456022;0.473291789518941;0.525605887075691;0.579404524233123;0.63421350844695;0.68951908402318;0.744775230567267
0;0;0;0;0;0;0;0;0;0;0;0;0;0;0;0;0;0;0;0;0;0;0;0;0;0;0;0;0;0;0;0
0;0;0;0;0;0;0;0;0;0;0;0;0;0;0;0;0;0;0;0;0;0;0;0;0;0;0;0;0;0;0;0
3.58727410199975e-07;1.10716643553221e-05;7.45227058131828e-05;0.000272405228235079;0.000724919552595147;0.0015911406490883;0.00306874371155145;0.00539201228430078;0.00882839271860718;0.0136739208573563;0.020248028650957;0.0288875754474976;0.0399398645816903;0.0537547985358235;0.0706763582494097;0.0910335801527159;0.115131283633294;0.143240801746206;0.175590941130357;0.212359402639057;0.253664863664006;0.299559984721774;0.350025535046102;0.404965661623671;0.464204433950355;0.527483972496385;0.594464355463288;0.664725310872841;0.737769599512557;0.813028037992329;0.889866102989228;0.967591905404457
0;0;0;0;0;0;0;0;0;0;0;0;0;0;0;0;0;0;0;0;0;0;0;0;0;0;0;0;0;0;0;0
0;0;0;0;0;0;0;0;0;0;0;0;0;0;0;0;0;0;0;0;0;0;0;0;0;0;0;0;0;0;0;0
3.18617220336428e-07;9.86140852903625e-06;6.70392394333133e-05;0.000247480492664069;0.00066228355718317;0.00145439126814169;0.0027949539240083;0.00488010134317432;0.00792809163650417;0.0121762215810265;0.0178768065375299;0.0252920618326609;0.034688179873113;0.0463289798165795;0.0604692603031955;0.0773479138084381;0.0971809338116147;0.120154480272075;0.146418201084473;0.176079033638407;0.209195755093086;0.245774287498812;0.285763706731167;0.329053234124711;0.375470460913474;0.424780904401593;0.476688796682624;0.53083901413515;0.586820246291564;0.644169375670083;0.702376924080037;0.760893832132084
0;0;0;0;0;0;0;0;0;0;0;0;0;0;0;0;0;0;0;0;0;0;0;0;0;0;0;0;0;0;0;0
0;0;0;0;0;0;0;0;0;0;0;0;0;0;0;0;0;0;0;0;0;0;0;0;0;0;0;0;0;0;0;0
3.64562883364331e-07;1.12598077411385e-05;7.59882081900858e-05;0.000278667138419088;0.000743978371912532;0.00163824363174902;0.00317077849115721;0.00559396759195161;0.00920189501896166;0.0143275072085687;0.021338267580738;0.0306302817049888;0.0426209489899504;0.0577402282084426;0.0764207727261791;0.0990872709416883;0.126145187608014;0.157969153317206;0.194891311863348;0.23718989663525;0.285078291840777;0.338694950048987;0.39809452733143;0.46324037286523;0.53399850711104;0.6101333573819;0.691305529637188;0.777071748052579;0.866886881610359;0.960108002602005;1.05600057269592;1.15374678764245
0;0;0;0;0;0;0;0;0;0;0;0;0;0;0;0;0;0;0;0;0;0;0;0;0;0;0;0;0;0;0;0
0;0;0;0;0;0;0;0;0;0;0;0;0;0;0;0;0;0;0;0;0;0;0;0;0;0;0;0;0;0;0;0
3.08972494891594e-07;9.5474315494869e-06;6.45407322300817e-05;0.000237057048208666;0.000633116854459972;0.00139240737215195;0.00268801311142908;0.00472557337476201;0.00774163394186233;0.012000881470787;0.0177920864248652;0.0254228755680551;0.0352135872928908;0.0474903005624781;0.0625770515949826;0.0807873892209062;0.102415558803116;0.127727614011219;0.156952664167476;0.190274486666535;0.227823729221686;0.269670809961055;0.315819623886984;0.366202359744573;0.420675716416414;0.479018635051758;0.540931537959112;0.606037082601042;0.673882584425071;0.743944014885673;0.815631388479077;0.888295772072918
0;0;0;0;0;0;0;0;0;0;0;0;0;0;0;0;0;0;0;0;0;0;0;0;0;0;0;0;0;0;0;0
0;0;0;0;0;0;0;0;0;0;0;0;0;0;0;0;0;0;0;0;0;0;0;0;0;0;0;0;0;0;0;0
3.71011642646428e-07;1.1586609033374e-05;8.13975665297879e-05;0.000314124839761415;0.000884070345391793;0.0020484916888718;0.00415740327801845;0.0076587118155894;0.0130990940608253;0.0211212020999943;0.0324574843595732;0.0479201802928959;0.0683875056823136;0.0947865718764425;0.128073452447474;0.16921075324532;0.21914314156965;0.278771523051433;0.348926455167435;0.430341472318564;0.523627070837953;0.629246081272617;0.747491118811251;0.878464582185521;1.02206175779163;1.17795760704017;1.34559776567845;1.52419414402273;1.71272523385402;1.90994136461408;2.11437501783362;2.32435572332041
0;0;0;0;0;0;0;0;0;0;0;0;0;0;0;0;0;0;0;0;0;0;0;0;0;0;0;0;0;0;0;0
0;0;0;0;0;0;0;0;0;0;0;0;0;0;0;0;0;0;0;0;0;0;0;0;0;0;0;0;0;0;0;0
4.69051662941226e-07;1.4729142672111e-05;0.000105405820692322;0.000414032811051326;0.00117813412997424;0.00274179061908946;0.00556235037551433;0.0102130802264073;0.0173815929158229;0.027863876562847;0.0425538292361152;0.0624288293120318;0.0885313415235681;0.121946934953132;0.163779319483762;0.215122864891686;0.277033161128366;0.350496392769542;0.436398491320849;0.535494764753381;0.648380906458233;0.775466114684207;0.916948826848157;1.07279575671607;1.24272498442766;1.42619384669801;1.62239196776178;1.83023966654239;2.04839194846241;2.27524801668721;2.50896625976708;2.74748493565488
0;0;0;0;0;0;0;0;0;0;0;0;0;0;0;0;0;0;0;0;0;0;0;0;0;0;0;0;0;0;0;0
0;0;0;0;0;0;0;0;0;0;0;0;0;0;0;0;0;0;0;0;0;0;0;0;0;0;0;0;0;0;0;0
3.23160095305723e-07;1.01197968387048e-05;7.17320884582155e-05;0.000278718520563085;0.000785438031743565;0.00181248743504027;0.00364767335853403;0.00664360891706697;0.0112129465743902;0.0178215579856271;0.0269797701385339;0.0392315179052321;0.055141767441746;0.0752824003849013;0.100216780187552;0.130483505690762;0.166579941345273;0.208945891692268;0.257947585480047;0.313862501923986;0.376865336710115;0.447015488267167;0.524246612648917;0.608358630979572;0.699012468393858;0.795727439893881;0.897881346556972;1.00471356226595;1.11533119920836;1.2287185021396;1.34374935603668;1.45920259216338
0;0;0;0;0;0;0;0;0;0;0;0;0;0;0;0;0;0;0;0;0;0;0;0;0;0;0;0;0;0;0;0
0;0;0;0;0;0;0;0;0;0;0;0;0;0;0;0;0;0;0;0;0;0;0;0;0;0;0;0;0;0;0;0
8.93409457256587e-08;2.78382017794995e-06;1.9416768105021e-05;7.46311614133766e-05;0.000209933633939682;0.000486204851000583;0.000984179095618087;0.00180285221790161;0.00305625801965687;0.00486905012113598;0.00737151321523054;0.0106944141850175;0.0149637703389434;0.0202956450370559;0.0267911948543827;0.0345321395865321;0.0435766407063493;0.0539554012368862;0.0656680047154492;0.0786797835526108;0.0929196287946952;0.108278848898322;0.124610918530666;0.141732013615694;0.15942211455632;0.177426726497501;0.195459690683659;0.213207226141912;0.230333073164109;0.246484345712572;0.261297835501632;0.27440695478183
0;0;0;0;0;0;0;0;0;0;0;0;0;0;0;0;0;0;0;0;0;0;0;0;0;0;0;0;0;0;0;0
0;0;0;0;0;0;0;0;0;0;0;0;0;0;0;0;0;0;0;0;0;0;0;0;0;0;0;0;0;0;0;0
2.07355995387524e-07;6.41151160555666e-06;4.34367060361116e-05;0.000159815859867207;0.000426874451977203;0.000936971356678197;0.00180118427620706;0.00314680827411581;0.00511467179318274;0.00785607116471057;0.0115293047193305;0.016295816190351;0.0223159411322241;0.0297443989455318;0.0387257228411658;0.0493897168271856;0.0618469797122979;0.0761846276508207;0.0924624060906707;0.110709241463158;0.130920221130516;0.153054173215731;0.177032053046898;0.202736118807715;0.230009814286078;0.258658386853183;0.288450371954511;0.319119961739338;0.350370021727238;0.381875852440256;0.413289847310852;0.444246801839095
0;0;0;0;0;0;0;0;0;0;0;0;0;0;0;0;0;0;0;0;0;0;0;0;0;0;0;0;0;0;0;0
0;0;0;0;0;0;0;0;0;0;0;0;0;0;0;0;0;0;0;0;0;0;0;0;0;0;0;0;0;0;0;0
1.34164755300262e-07;4.13617201044327e-06;2.77156540225355e-05;0.000100513805837804;0.000264472259337316;0.00057232392070836;0.00108601837684073;0.00187448091435269;0.00301069205462838;0.00456815727118595;0.00661741581797405;0.00922293010533455;0.0124402395817519;0.0163134458318089;0.0208729960951801;0.02613368207713;0.03209289173277;0.0387291475004395;0.0460010195990865;0.0538465914894866;0.0621836373891522;0.0709103815397235;0.0799065421441641;0.0890346708295507;0.0981419005638275;0.107062172995125;0.115618970002035;0.123628429818744;0.130902827783236;0.137254337357128;0.142498867447709;0.146459948952494
0;0;0;0;0;0;0;0;0;0;0;0;0;0;0;0;0;0;0;0;0;0;0;0;0;0;0;0;0;0;0;0
0;0;0;0;0;0;0;0;0;0;0;0;0;0;0;0;0;0;0;0;0;0;0;0;0;0;0;0;0;0;0;0
2.02991871034394e-07;6.27936165339492e-06;4.26009729035855e-05;0.000156779724401767;0.000417904058079234;0.00091304184280725;0.00174270831225329;0.00301641650536908;0.00484876666015554;0.00735583265908969;0.0106517656157376;0.0148454263510209;0.0200369595063942;0.026314366361251;0.0337501756635078;0.0423983943060704;0.0522918600348306;0.0634400674085021;0.0758275311539258;0.0894127095233773;0.104127301534758;0.119875959823715;0.136536662112156;0.153961823450527;0.171980127644023;0.190398779486738;0.209006132903471;0.227574870054408;0.245865465400431;0.263630156335076;0.280617440016635;0.296576762426399
0;0;0;0;0;0;0;0;0;0;0;0;0;0;0;0;0;0;0;0;0;0;0;0;0;0;0;0;0;0;0;0
0;0;0;0;0;0;0;0;0;0;0;0;0;0;0;0;0;0;0;0;0;0;0;0;0;0;0;0;0;0;0;0
1.39416401845678e-07;4.30412796887253e-06;2.89890781515719e-05;0.000105756353130289;0.000279682453156994;0.000607324187912212;0.00115406232308102;0.00199078269957012;0.00319001271836789;0.00482161269505714;0.00694879941355614;0.00962483475972314;0.0128900559990372;0.0167692938631207;0.0212699010110837;0.0263804543370505;0.0320699446857387;0.0382872336421005;0.0449607995196679;0.0519989592992892;0.0592907536435301;0.0667075382713462;0.0741051048667948;0.0813261486329684;0.0882028815010513;0.0945598160582909;0.100217083789868;0.104994275488538;0.108714503010137;0.11120858930144;0.112319161079008;0.111904522649
0;0;0;0;0;0;0;0;0;0;0;0;0;0;0;0;0;0;0;0;0;0;0;0;0;0;0;0;0;0;0;0
0;0;0;0;0;0;0;0;0;0;0;0;0;0;0;0;0;0;0;0;0;0;0;0;0;0;0;0;0;0;0;0
2.00857679309151e-07;6.20897643082895e-06;4.20188521193569e-05;0.000154240910986299;0.000410317563453196;0.000895179923343454;0.00170698123994853;0.00295271943476168;0.00474395778708037;0.00719265145291735;0.0104069919384019;0.0144872717906722;0.0195219901967636;0.0255843030806098;0.0327288018762057;0.0409887043881362;0.0503735946167237;0.0608677206496012;0.0724288980303032;0.0849880097717833;0.0984489766291806;0.112689290894655;0.127561198732417;0.142893624845214;0.158494805399187;0.174155440569327;0.18965220560316;0.204751671181556;0.219214456139262;0.232799764342348;0.245270288714421;0.256397167234741
0;0;0;0;0;0;0;0;0;0;0;0;0;0;0;0;0;0;0;0;0;0;0;0;0;0;0;0;0;0;0;0
0;0;0;0;0;0;0;0;0;0;0;0;0;0;0;0;0;0;0;0;0;0;0;0;0;0;0;0;0;0;0;0
1.41262369018581e-07;4.365815565303e-06;2.95192130356277e-05;0.000108173750269235;0.000287251610055628;0.000625984134743477;0.00119303892273822;0.00206295768251941;0.0033122493865293;0.00501507285826017;0.00723905973705602;0.0100416267279322;0.0134666520947629;0.017541533450064;0.0222748180347373;0.0276544354499843;0.0336464617175172;0.0401943450481065;0.0472186624361938;0.0546174652094973;0.062267427409346;0.070025724017538;0.0777324662562336;0.0852136065575913;0.0922840970026052;0.098751260365495;0.104418619891809;0.109090179465383;0.112574966358137;0.114691710427001;0.115273418484487;0.114171709590507
0;0;0;0;0;0;0;0;0;0;0;0;0;0;0;0;0;0;0;0;0;0;0;0;0;0;0;0;0;0;0;0
0;0;0;0;0;0;0;0;0;0;0;0;0;0;0;0;0;0;0;0;0;0;0;0;0;0;0;0;0;0;0;0
2.00805161762006e-07;6.20732436065704e-06;4.20070068071971e-05;0.000154195896567517;0.000410210057012934;0.000895043328927886;0.00170706398107607;0.00295363638928506;0.00474673359337217;0.00719868662983907;0.0104181322242291;0.014506092685862;0.0195520691810455;0.0256302355920247;0.0327959767321081;0.0410828351973501;0.0505000214475555;0.0610304904485877;0.0726296898161333;0.0852250366757126;0.0987159957419293;0.112974768361831;0.127847745170159;0.143157740404329;0.158706858393522;0.174279770559603;0.189647370081382;0.204570866327128;0.218806099747357;0.232108220693803;0.244236745249708;0.254960686674714
0;0;0;0;0;0;0;0;0;0;0;0;0;0;0;0;0;0;0;0;0;0;0;0;0;0;0;0;0;0;0;0
0;0;0;0;0;0;0;0;0;0;0;0;0;0;0;0;0;0;0;0;0;0;0;0;0;0;0;0;0;0;0;0
1.41205041711288e-07;4.364011839019e-06;2.95062951321918e-05;0.000108125080599379;0.000287132984529512;0.000625801918152156;0.00119295170025646;0.00206340551798301;0.00331404075167019;0.00501942364605315;0.00724758834429601;0.0100562924463815;0.0134896451225531;0.0175752679769937;0.02232211264878;0.0277189138366784;0.0337331970818642;0.0403106575577925;0.0473749425501569;0.0548280444432546;0.0625513802574807;0.0704075385604041;0.0782425157155072;0.0858883461933181;0.0931660152867483;0.0998886421454963;0.105865104870596;0.110904141255119;0.114818726555734;0.117430563684051;0.118574484303564;0.118102626512117
0;0;0;0;0;0;0;0;0;0;0;0;0;0;0;0;0;0;0;0;0;0;0;0;0;0;0;0;0;0;0;0
0;0;0;0;0;0;0;0;0;0;0;0;0;0;0;0;0;0;0;0;0;0;0;0;0;0;0;0;0;0;0;0
2.02697656957462e-07;6.27040567972605e-06;4.25450989932399e-05;0.000156627635176935;0.000417765731871048;0.000913602502983286;0.00174585256730675;0.00302570469681535;0.00486937459535873;0.00739384086731462;0.010713020955618;0.0149342210870425;0.0201546351841488;0.0264579072612313;0.0339108682295209;0.0425605658567546;0.0524317211567754;0.0635247182185576;0.0758141678285709;0.0892480287328764;0.103747173941803;0.119205477442023;0.135490570626496;0.152445235502482;0.169889399139846;0.187622619780185;0.205427111276018;0.223071322589869;0.240313749567717;0.256907124494348;0.272603025981935;0.287156632173827
0;0;0;0;0;0;0;0;0;0;0;0;0;0;0;0;0;0;0;0;0;0;0;0;0;0;0;0;0;0;0;0
0;0;0;0;0;0;0;0;0;0;0;0;0;0;0;0;0;0;0;0;0;0;0;0;0;0;0;0;0;0;0;0
1.39094761721288e-07;4.294340264064e-06;2.89284621042223e-05;0.000105600661462505;0.000279559534659161;0.00060776180383194;0.00115610407545393;0.00199605511099537;0.00320099321430629;0.00484222969546602;0.00698537796593781;0.00968730413332479;0.0129933652933713;0.0169349629948074;0.0215275406397143;0.0267690410584161;0.0326387575133722;0.0390964793988331;0.0460819870339921;0.053515055739199;0.0612961321536313;0.0693076140015234;0.0774155612058413;0.0854717905645387;0.0933162169706478;0.100779413805069;0.107685606987635;0.113856103665179;0.119113018147472;0.1232832319279;0.126202370786995;0.127718593516393
0;0;0;0;0;0;0;0;0;0;0;0;0;0;0;0;0;0;0;0;0;0;0;0;0;0;0;0;0;0;0;0
0;0;0;0;0;0;0;0;0;0;0;0;0;0;0;0;0;0;0;0;0;0;0;0;0;0;0;0;0;0;0;0
2.08591667831899e-07;6.4606087513597e-06;4.40281771657865e-05;0.000162909439688487;0.000436525791373485;0.000958614109547843;0.00183949952295733;0.00320263528556071;0.00518164422852863;0.0079174974917252;0.0115554197983519;0.0162412852263191;0.0221175783657606;0.0293191235648968;0.0379688046957774;0.0481734884247713;0.0600201891638604;0.0735725101726149;0.0888674813609433;0.105912847608339;0.124684728014116;0.145125794627798;0.167144232081544;0.190613489781456;0.215372779690028;0.24122824623604;0.267954843107153;0.29529894128102;0.322981391980412;0.350701177011543;0.378139817074017;0.404966516854805
0;0;0;0;0;0;0;0;0;0;0;0;0;0;0;0;0;0;0;0;0;0;0;0;0;0;0;0;0;0;0;0
0;0;0;0;0;0;0;0;0;0;0;0;0;0;0;0;0;0;0;0;0;0;0;0;0;0;0;0;0;0;0;0
1.29724036482288e-07;3.99445751228183e-06;2.66571230827451e-05;9.64272891831056e-05;0.000254015608127337;0.000552168066171596;0.00105451212638912;0.00183329673893371;0.00296649422145746;0.00453442928006497;0.00661661456780646;0.00928881778716549;0.0126200268880752;0.0166694226874258;0.0214835705582656;0.0270939737053974;0.0335150081345874;0.0407421611457666;0.0487505140627091;0.057493627051663;0.0669030071125803;0.0768881632379859;0.0873371828409891;0.0981178232604366;0.109079014354157;0.120052672855022;0.130856012527011;0.141294461766399;0.151165133964585;0.160260654698508;0.168373105704665;0.175298047600623
0;0;0;0;0;0;0;0;0;0;0;0;0;0;0;0;0;0;0;0;0;0;0;0;0;0;0;0;0;0;0;0
0;0;0;0;0;0;0;0;0;0;0;0;0;0;0;0;0;0;0;0;0;0;0;0;0;0;0;0;0;0;0;0
2.46471333750582e-07;7.7161134034809e-06;5.46311057176795e-05;0.000211748282321566;0.000594282240760418;0.00136422825062924;0.00273051789388112;0.00494754639506135;0.00831206908402146;0.0131587163504889;0.0198543417651364;0.0287909454894249;0.0403771439452807;0.0550285012794386;0.0731569251467742;0.0951592456897708;0.121405299873825;0.152226136724699;0.187902709387867;0.228655065462023;0.274632174682138;0.325902700764181;0.382447070353462;0.444151129563504;0.510801799112099;0.582084825478588;0.65758441981606;0.736784796050738;0.819073552408963;0.903747338305623;0.990020019635576;1.0770329376382
0;0;0;0;0;0;0;0;0;0;0;0;0;0;0;0;0;0;0;0;0;0;0;0;0;0;0;0;0;0;0;0
0;0;0;0;0;0;0;0;0;0;0;0;0;0;0;0;0;0;0;0;0;0;0;0;0;0;0;0;0;0;0;0
1.87165444997961e-07;5.87404953159927e-06;4.19615900495643e-05;0.000164635303935748;0.000468205538706602;0.00108853968207133;0.00220361377464991;0.00403151203195383;0.0068260482485969;0.0108699700456291;0.0164666851402361;0.0239315246476284;0.0335823571869321;0.0457296033999061;0.0606659583501208;0.0786560786568832;0.0999264004972018;0.124655276768157;0.15296385062066;0.184907910428872;0.220470948688836;0.25955865754735;0.301994993988876;0.347519879648588;0.39578852144324;0.446372538220724;0.498763084012262;0.55237605446226;0.606559375665471;0.660602234286014;0.713746084386117;0.765197088840054
0;0;0;0;0;0;0;0;0;0;0;0;0;0;0;0;0;0;0;0;0;0;0;0;0;0;0;0;0;0;0;0
0;0;0;0;0;0;0;0;0;0;0;0;0;0;0;0;0;0;0;0;0;0;0;0;0;0;0;0;0;0;0;0
8.06493420234947e-08;2.52310617245243e-06;1.78179065641198e-05;6.87792801660152e-05;0.000192192499090038;0.000439474265148327;0.00087607775568843;0.00157957842419187;0.00263669359587986;0.00413950486936096;0.00618094172826165;0.0088492449490134;0.0122218302200889;0.0163593398769687;0.0212998966731064;0.0270537962867268;0.0335990405631047;0.0408776484459345;0.0487926362351313;0.0572059042910133;0.0659371291693045;0.0747637223058085;0.0834218557294547;0.0916087436147969;0.0989862601641304;0.105185895280933;0.109814935314071;0.112463686476557;0.112713608027536;0.110146181952057;0.104352300405829;0.0949420478537562
0;0;0;0;0;0;0;0;0;0;0;0;0;0;0;0;0;0;0;0;0;0;0;0;0;0;0;0;0;0;0;0
0;0;0;0;0;0;0;0;0;0;0;0;0;0;0;0;0;0;0;0;0;0;0;0;0;0;0;0;0;0;0;0
-1.57667533219269e-08;-5.06934428340696e-07;-3.90607587794826e-06;-1.63107139267744e-05;-4.81752017188775e-05;-0.000114755871129281;-0.000236809432485709;-0.000441376302960343;-0.000762481258865088;-0.00124181736881398;-0.00192958086848318;-0.00288526202957636;-0.00417829612904796;-0.00588913241102009;-0.00811057315412682;-0.0109489938478052;-0.014525264691292;-0.0189753996018509;-0.0244507836607298;-0.0311179343971547;-0.0391573864441961;-0.0487616143289017;-0.0601319825929412;-0.0734748647166585;-0.0889972287781232;-0.106901925131572;-0.127382667367423;-0.150618616118638;-0.176768706919438;-0.205966046576789;-0.238312528568254;-0.273873734948836
0;0;0;0;0;0;0;0;0;0;0;0;0;0;0;0;0;0;0;0;0;0;0;0;0;0;0;0;0;0;0;0
0;0;0;0;0;0;0;0;0;0;0;0;0;0;0;0;0;0;0;0;0;0;0;0;0;0;0;0;0;0;0;0
4.91401644470484e-08;1.52191498570192e-06;1.03675675574119e-05;3.82929051470973e-05;0.00010226036237197;0.000223508805572153;0.000426353072072021;0.00073686874529524;0.00118141795797964;0.00178486671323552;0.00256842581497491;0.00354720743457382;0.00472787560132265;0.00610682823672918;0.00766867803267933;0.00938498276465649;0.0112132452826667;0.0130963096054277;0.0149623251747025;0.0167252038964342;0.0182854170190359;0.0195310818637729;0.0203393605968639;0.0205782870290235;0.0201090194197271;0.0187886188327554;0.0164731395031034;0.013020893609809;0.00829584320666721;0.00217108399627352;-0.00546765010206081;-0.0147185655136247
0;0;0;0;0;0;0;0;0;0;0;0;0;0;0;0;0;0;0;0;0;0;0;0;0;0;0;0;0;0;0;0
0;0;0;0;0;0;0;0;0;0;0;0;0;0;0;0;0;0;0;0;0;0;0;0;0;0;0;0;0;0;0;0
8.25129132170697e-09;2.42115006066492e-07;1.3172501821323e-06;3.35607603393421e-06;4.90710595151621e-06;2.20261274277679e-06;-1.12873489502018e-05;-4.54266234525567e-05;-0.000114290849333416;-0.000237216891706238;-0.00043981981669921;-0.00075486674287006;-0.00122295967803077;-0.00189322845776651;-0.00282398181918621;-0.00408330636348452;-0.00574940549647404;-0.0079106618349837;-0.0106652927952027;-0.0141206309868747;-0.0183917167159536;-0.0235993832377707;-0.0298679663875137;-0.0373226221979912;-0.0460863610829524;-0.0562768809626504;-0.0680032959634186;-0.081362809161979;-0.0964373742416777;-0.113290463582513;-0.131964054618715;-0.152475919105587
0;0;0;0;0;0;0;0;0;0;0;0;0;0;0;0;0;0;0;0;0;0;0;0;0;0;0;0;0;0;0;0
0;0;0;0;0;0;0;0;0;0;0;0;0;0;0;0;0;0;0;0;0;0;0;0;0;0;0;0;0;0;0;0
4.56734716979552e-08;1.41299705240718e-06;9.58567803063599e-06;3.51866676261122e-05;9.3259277868974e-05;0.000202048125702407;0.000381357857833517;0.00065064450435907;0.00102699836484475;0.00152309122596121;0.00214512343194579;0.00289065335808939;0.00374652042214174;0.00468727335390346;0.0056739627871684;0.00665336842083236;0.00755780132933555;0.00830541886046592;0.00880105818630511;0.00893749052163762;0.00859694026099794;0.00765294558205468;0.00597249977981713;0.00341859563590228;-0.000146830836671317;-0.00485952242268712;-0.0108493787803087;-0.0182369010036786;-0.0271296941006239;-0.037619060242376;-0.0497767239851776;-0.0636517949409927
0;0;0;0;0;0;0;0;0;0;0;0;0;0;0;0;0;0;0;0;0;0;0;0;0;0;0;0;0;0;0;0
0;0;0;0;0;0;0;0;0;0;0;0;0;0;0;0;0;0;0;0;0;0;0;0;0;0;0;0;0;0;0;0
1.07608554090356e-08;3.22913897749407e-07;1.94278245362974e-06;5.98461173225619e-06;1.26586721701674e-05;2.03289138115542e-05;2.47570082905073e-05;1.8366403216024e-05;-1.0628201265479e-05;-7.92874652938594e-05;-0.00021115079077422;-0.000437452681299915;-0.000798182670727385;-0.00134302774300856;-0.00213209675697261;-0.00323646072687986;-0.00473840820696617;-0.00673134285514598;-0.00931916322346162;-0.0126152112857555;-0.0167406035850501;-0.0218220308616248;-0.027989086380266;-0.0353711149749233;-0.0440938476831486;-0.0542759604108251;-0.0660255958073581;-0.0794368812012852;-0.0945864938545952;-0.111530320864683;-0.130300360820327;-0.150901962003854
0;0;0;0;0;0;0;0;0;0;0;0;0;0;0;0;0;0;0;0;0;0;0;0;0;0;0;0;0;0;0;0
0;0;0;0;0;0;0;0;0;0;0;0;0;0;0;0;0;0;0;0;0;0;0;0;0;0;0;0;0;0;0;0
4.45561740196422e-08;1.37549431047412e-06;9.26014161981445e-06;3.37037134898558e-05;8.86739220121698e-05;0.000190969805083538;0.000358748569912906;0.000609725842425287;0.000959123732418487;0.00141742002271911;0.00198799355781621;0.0026647248929502;0.00342981328462566;0.00425208917910453;0.00508569927320948;0.00586920071426941;0.00652534973791133;0.00696153240817706;0.00707078585409489;0.00673327208067896;0.00581805149034552;0.00418528509901845;0.00168877867897918;-0.00182105937026456;-0.00649384338380019;-0.0124753656732813;-0.0199035680775057;-0.0289045033450763;-0.0395883395846197;-0.0520454844392218;-0.0663429187429358;-0.0825208641381647
0;0;0;0;0;0;0;0;0;0;0;0;0;0;0;0;0;0;0;0;0;0;0;0;0;0;0;0;0;0;0;0
0;0;0;0;0;0;0;0;0;0;0;0;0;0;0;0;0;0;0;0;0;0;0;0;0;0;0;0;0;0;0;0
1.16234588903653e-08;3.52269974588476e-07;2.20641933846171e-06;7.21076623401695e-06;1.65132741658022e-05;2.98323784591996e-05;4.45849932778484e-05;5.49585555437525e-05;5.09162959661757e-05;1.71390522888726e-05;-6.81619398584009e-05;-0.000234528606492195;-0.000520449757718979;-0.000974433476128742;-0.00165591910734135;-0.00263603792824349;-0.00399813768880254;-0.00583788250813145;-0.00826280511589257;-0.0113913961088709;-0.0153514783056356;-0.0202779714983595;-0.0263101353488275;-0.0335882377944464;-0.0422498531377849;-0.0524259601899732;-0.0642369056353658;-0.0777883602570054;-0.0931673578793325;-0.110438527037045;-0.129640622242855;-0.150783445490988
0;0;0;0;0;0;0;0;0;0;0;0;0;0;0;0;0;0;0;0;0;0;0;0;0;0;0;0;0;0;0;0
0;0;0;0;0;0;0;0;0;0;0;0;0;0;0;0;0;0;0;0;0;0;0;0;0;0;0;0;0;0;0;0
4.45396152096865e-08;1.37497750304753e-06;9.25644803313429e-06;3.36878704125882e-05;8.86296018571661e-05;0.000190905894348292;0.000358790114456031;0.000610240384813454;0.000960827812985038;0.00142143146857262;0.00199584250962019;0.00267833864535119;0.00345143258656805;0.00428419482364256;0.00513094855988195;0.00593032383932588;0.00660488788061897;0.00706139491408577;0.00719169641059748;0.00687419957278833;0.00597564444971354;0.00435331093913858;0.00185762649997461;-0.00166475681980322;-0.00636744360978955;-0.0124002978506839;-0.0199052880510485;-0.0290123153805097;-0.0398350700770411;-0.0524669978980645;-0.0669774886063533;-0.0834084278363636
0;0;0;0;0;0;0;0;0;0;0;0;0;0;0;0;0;0;0;0;0;0;0;0;0;0;0;0;0;0;0;0
0;0;0;0;0;0;0;0;0;0;0;0;0;0;0;0;0;0;0;0;0;0;0;0;0;0;0;0;0;0;0;0
1.15968874627165e-08;3.51437245533281e-07;2.20044665716969e-06;7.18649953627366e-06;1.64522248940937e-05;2.97621271856518e-05;4.46906627916001e-05;5.5699611067669e-05;5.30802601234439e-05;2.18208133903809e-05;-5.96034767078899e-05;-0.000220453565546248;-0.000498935611878553;-0.000943386872380984;-0.00161324541180413;-0.00257976123181398;-0.00392630041355965;-0.0057482304170092;-0.0081523623460255;-0.0112559506693014;-0.0151850061520121;-0.0200720235267587;-0.0260532131749358;-0.0332652931267974;-0.0418419769724886;-0.0519102411361016;-0.0635864739092599;-0.0769726146170796;-0.0921523568160737;-0.109187535183275;-0.128114790160116;-0.148942595898729
0;0;0;0;0;0;0;0;0;0;0;0;0;0;0;0;0;0;0;0;0;0;0;0;0;0;0;0;0;0;0;0
0;0;0;0;0;0;0;0;0;0;0;0;0;0;0;0;0;0;0;0;0;0;0;0;0;0;0;0;0;0;0;0
4.55748554439552e-08;1.41009975912163e-06;9.57047428186852e-06;3.51671828319271e-05;9.33740827885155e-05;0.000202822959885127;0.000384088547858758;0.000657774100922992;0.00104232272029665;0.00155158391722131;0.00219232327273462;0.00296181334705519;0.00384573889351061;0.00481673578506182;0.00583323530162574;0.00683861659978699;0.00776095435707146;0.00851343068316064;0.00899537872056472;0.00909376074623307;0.00868485780468613;0.00763628117470128;0.00580930856372368;0.0030616196532689;-0.000749598310941467;-0.00576417448740851;-0.0121153620130072;-0.0199261564034539;-0.0293055606738992;-0.0403449231182982;-0.0531144961972176;-0.0676603268371333
0;0;0;0;0;0;0;0;0;0;0;0;0;0;0;0;0;0;0;0;0;0;0;0;0;0;0;0;0;0;0;0
0;0;0;0;0;0;0;0;0;0;0;0;0;0;0;0;0;0;0;0;0;0;0;0;0;0;0;0;0;0;0;0
1.05840703993568e-08;3.17480880782452e-07;1.90766462942589e-06;5.8841501020686e-06;1.25496775293523e-05;2.05857317607043e-05;2.63351397812431e-05;2.29935367502022e-05;-3.75784188419637e-07;-5.99430790707015e-05;-0.000178257625760403;-0.000385375200568335;-0.000719871727899323;-0.00122977450491838;-0.00197324165054551;-0.00301903525771041;-0.00444672242336266;-0.00634655608621398;-0.00881895708092087;-0.0119735683214066;-0.0159276006617999;-0.0208036660411842;-0.0267272473571097;-0.0338238135988873;-0.0422157086977455;-0.0520188376805678;-0.0633392389605184;-0.0762696843626418;-0.0908864082951853;-0.107245970193731;-0.125382284783973;-0.145303923595458
0;0;0;0;0;0;0;0;0;0;0;0;0;0;0;0;0;0;0;0;0;0;0;0;0;0;0;0;0;0;0;0
0;0;0;0;0;0;0;0;0;0;0;0;0;0;0;0;0;0;0;0;0;0;0;0;0;0;0;0;0;0;0;0
4.88019544177646e-08;1.5145388714941e-06;1.03921014157975e-05;3.86800147764767e-05;0.000103930949542237;0.000228145620875684;0.000436242514678169;0.000754191303909237;0.00120705011488879;0.00181697195217715;0.00260118810281945;0.00356983715944063;0.00472373995616692;0.00605249443959345;0.00753281928301166;0.00912740856169248;0.0107844432356938;0.0124375907805247;0.0140063906886721;0.0153969244298842;0.01650272152009;0.0172060554499879;0.01737966795812;0.0168889547080564;0.0155944531513554;0.0133547166876136;0.0100294551513299;0.0054829251772353;-0.000412561214105088;-0.00777317179564883;-0.0167002105071205;-0.0272768985393574
0;0;0;0;0;0;0;0;0;0;0;0;0;0;0;0;0;0;0;0;0;0;0;0;0;0;0;0;0;0;0;0
0;0;0;0;0;0;0;0;0;0;0;0;0;0;0;0;0;0;0;0;0;0;0;0;0;0;0;0;0;0;0;0
6.83309421361687e-09;1.98839075707362e-07;1.04117524228168e-06;2.48711846656697e-06;3.22695249952293e-06;2.53628640687813e-07;-1.16409916563435e-05;-4.06798224634717e-05;-9.90520216240594e-05;-0.000203878373514021;-0.000378130181740133;-0.000651529750941049;-0.00106137934670205;-0.00165335304517856;-0.00248224458028396;-0.00361268007923371;-0.00511952239705736;-0.00708797487092977;-0.00961329302149562;-0.0128000983331577;-0.0167611321558179;-0.0216156262215423;-0.0274872679522802;-0.0345016947513879;-0.0427835996449048;-0.0524536002210765;-0.0636250137079222;-0.0764005924600226;-0.0908692041352395;-0.107102520007218;-0.125151866724314;-0.145045373608071
0;0;0;0;0;0;0;0;0;0;0;0;0;0;0;0;0;0;0;0;0;0;0;0;0;0;0;0;0;0;0;0
0;0;0;0;0;0;0;0;0;0;0;0;0;0;0;0;0;0;0;0;0;0;0;0;0;0;0;0;0;0;0;0
7.04404080729953e-08;2.21038034881475e-06;1.57659781663815e-05;6.13880163078797e-05;0.000172301479705015;0.000394388462446163;0.000785563378620455;0.00141439658947621;0.00235788002102565;0.00369821463017989;0.00551882273792621;0.00789977239821719;0.0109130212701479;0.0146181025946873;0.0190580047642978;0.0242552631560547;0.0302085291414322;0.0368899427126227;0.044243368086239;0.0521832550651108;0.0605938167180651;0.0693287560605244;0.0782116824418791;0.0870372692824725;0.0955732966229273;0.103563854387971;0.110733443619446;0.116791771714808;0.1214391380124;0.12437241744615;0.125291547596659;0.123906271845454
0;0;0;0;0;0;0;0;0;0;0;0;0;0;0;0;0;0;0;0;0;0;0;0;0;0;0;0;0;0;0;0
0;0;0;0;0;0;0;0;0;0;0;0;0;0;0;0;0;0;0;0;0;0;0;0;0;0;0;0;0;0;0;0
8.20925844544074e-09;2.55360145562236e-07;1.77011462878642e-06;6.7387826557451e-06;1.84990663346411e-05;4.08128192010917e-05;7.67848688631347e-05;0.00012751149644715;0.000190362271248697;0.000256858121695685;0.00031023676161555;0.000322860448715026;0.000253327711234764;4.32751876878886e-05;-0.000385658321871539;-0.00113465162186205;-0.0023301840525269;-0.00412610256421608;-0.00670494383558221;-0.0102782851127663;-0.0150858162326232;-0.0213932844881582;-0.0294893231650993;-0.0396810841296724;-0.0522888355821722;-0.067639607106707;-0.0860599662834832;-0.10786814018814;-0.133365745734819;-0.162829328401464;-0.196501807782345;-0.23458403640611
0;0;0;0;0;0;0;0;0;0;0;0;0;0;0;0;0;0;0;0;0;0;0;0;0;0;0;0;0;0;0;0
0;0;0;0;0;0;0;0;0;0;0;0;0;0;0;0;0;0;0;0;0;0;0;0;0;0;0;0;0;0;0;0
8.20925844544334e-09;2.55360145562314e-07;1.77011462878689e-06;6.73878265574657e-06;1.84990663346445e-05;4.08128192010981e-05;7.67848688631455e-05;0.000127511496447168;0.000190362271248724;0.000256858121695723;0.000310236761615603;0.000322860448715096;0.000253327711234838;4.32751876879309e-05;-0.000385658321871602;-0.00113465162186236;-0.00233018405252766;-0.00412610256421756;-0.00670494383558474;-0.0102782851127704;-0.015085816232629;-0.0213932844881662;-0.0294893231651097;-0.0396810841296848;-0.0522888355821861;-0.0676396071067213;-0.0860599662834963;-0.107868140188149;-0.133365745734822;-0.162829328401456;-0.196501807782321;-0.234584036406064
0;0;0;0;0;0;0;0;0;0;0;0;0;0;0;0;0;0;0;0;0;0;0;0;0;0;0;0;0;0;0;0
0;0;0;0;0;0;0;0;0;0;0;0;0;0;0;0;0;0;0;0;0;0;0;0;0;0;0;0;0;0;0;0
7.04404080729932e-08;2.21038034881469e-06;1.5765978166381e-05;6.13880163078782e-05;0.000172301479705012;0.000394388462446155;0.00078556337862044;0.00141439658947618;0.0023578800210256;0.00369821463017982;0.0055188227379261;0.007899772398217;0.0109130212701476;0.0146181025946869;0.0190580047642972;0.0242552631560539;0.0302085291414313;0.0368899427126218;0.0442433680862383;0.052183255065111;0.0605938167180668;0.0693287560605283;0.0782116824418861;0.0870372692824832;0.0955732966229421;0.10356385438799;0.11073344361947;0.116791771714834;0.121439138012427;0.124372417446176;0.12529154759668;0.123906271845463
0;0;0;0;0;0;0;0;0;0;0;0;0;0;0;0;0;0;0;0;0;0;0;0;0;0;0;0;0;0;0;0
0;0;0;0;0;0;0;0;0;0;0;0;0;0;0;0;0;0;0;0;0;0;0;0;0;0;0;0;0;0;0;0
6.83309421361707e-09;1.98839075707368e-07;1.04117524228172e-06;2.48711846656709e-06;3.22695249952324e-06;2.5362864068842e-07;-1.16409916563425e-05;-4.06798224634701e-05;-9.90520216240567e-05;-0.000203878373514017;-0.000378130181740132;-0.00065152975094106;-0.00106137934670209;-0.00165335304517867;-0.0024822445802842;-0.00361268007923417;-0.00511952239705815;-0.00708797487093108;-0.00961329302149771;-0.012800098333161;-0.0167611321558228;-0.0216156262215494;-0.0274872679522901;-0.0345016947514016;-0.0427835996449232;-0.0524536002211009;-0.0636250137079541;-0.0764005924600634;-0.0908692041352913;-0.107102520007283;-0.125151866724394;-0.145045373608169
0;0;0;0;0;0;0;0;0;0;0;0;0;0;0;0;0;0;0;0;0;0;0;0;0;0;0;0;0;0;0;0
0;0;0;0;0;0;0;0;0;0;0;0;0;0;0;0;0;0;0;0;0;0;0;0;0;0;0;0;0;0;0;0
4.88019544177647e-08;1.5145388714941e-06;1.03921014157975e-05;3.86800147764767e-05;0.000103930949542237;0.000228145620875685;0.00043624251467817;0.000754191303909238;0.0012070501148888;0.00181697195217717;0.00260118810281951;0.00356983715944078;0.00472373995616726;0.00605249443959414;0.00753281928301291;0.0091274085616946;0.0107844432356972;0.0124375907805299;0.0140063906886796;0.0153969244298948;0.0165027215201047;0.0172060554500077;0.0173796679581461;0.0168889547080905;0.0155944531513993;0.0133547166876693;0.0100294551513999;0.00548292517732235;-0.000412561213997889;-0.00777317179551805;-0.0167002105069626;-0.0272768985391684
0;0;0;0;0;0;0;0;0;0;0;0;0;0;0;0;0;0;0;0;0;0;0;0;0;0;0;0;0;0;0;0
0;0;0;0;0;0;0;0;0;0;0;0;0;0;0;0;0;0;0;0;0;0;0;0;0;0;0;0;0;0;0;0
1.05840703993567e-08;3.17480880782449e-07;1.90766462942587e-06;5.88415010206854e-06;1.25496775293521e-05;2.05857317607038e-05;2.63351397812421e-05;2.29935367502003e-05;-3.75784188422796e-07;-5.99430790707071e-05;-0.000178257625760414;-0.000385375200568355;-0.000719871727899356;-0.00122977450491842;-0.00197324165054556;-0.00301903525771043;-0.00444672242336262;-0.0063465560862138;-0.00881895708092045;-0.0119735683214058;-0.0159276006617985;-0.020803666041182;-0.0267272473571063;-0.0338238135988824;-0.0422157086977387;-0.0520188376805588;-0.0633392389605066;-0.0762696843626269;-0.0908864082951669;-0.107245970193709;-0.125382284783946;-0.145303923595427
0;0;0;0;0;0;0;0;0;0;0;0;0;0;0;0;0;0;0;0;0;0;0;0;0;0;0;0;0;0;0;0
0;0;0;0;0;0;0;0;0;0;0;0;0;0;0;0;0;0;0;0;0;0;0;0;0;0;0;0;0;0;0;0
4.55748554439554e-08;1.41009975912164e-06;9.57047428186856e-06;3.51671828319272e-05;9.33740827885158e-05;0.000202822959885128;0.000384088547858759;0.000657774100922994;0.00104232272029665;0.00155158391722132;0.00219232327273463;0.0029618133470552;0.00384573889351064;0.00481673578506186;0.00583323530162579;0.00683861659978703;0.00776095435707146;0.00851343068316055;0.00899537872056445;0.00909376074623248;0.00868485780468504;0.00763628117469946;0.00580930856372083;0.00306161965326469;-0.000749598310947461;-0.00576417448741671;-0.012115362013018;-0.019926156403468;-0.029305560673917;-0.0403449231183201;-0.0531144961972441;-0.0676603268371648
0;0;0;0;0;0;0;0;0;0;0;0;0;0;0;0;0;0;0;0;0;0;0;0;0;0;0;0;0;0;0;0
0;0;0;0;0;0;0;0;0;0;0;0;0;0;0;0;0;0;0;0;0;0;0;0;0;0;0;0;0;0;0;0
1.15968874627165e-08;3.51437245533278e-07;2.20044665716967e-06;7.1864995362736e-06;1.64522248940936e-05;2.97621271856514e-05;4.46906627915993e-05;5.56996110676676e-05;5.30802601234414e-05;2.1820813390377e-05;-5.96034767078951e-05;-0.000220453565546254;-0.000498935611878558;-0.000943386872380983;-0.00161324541180411;-0.00257976123181393;-0.00392630041355953;-0.00574823041700898;-0.00815236234602513;-0.0112559506693008;-0.0151850061520112;-0.0200720235267575;-0.0260532131749343;-0.0332652931267956;-0.0418419769724865;-0.0519102411360996;-0.0635864739092579;-0.0769726146170781;-0.092152356816073;-0.109187535183275;-0.128114790160119;-0.148942595898734
0;0;0;0;0;0;0;0;0;0;0;0;0;0;0;0;0;0;0;0;0;0;0;0;0;0;0;0;0;0;0;0
0;0;0;0;0;0;0;0;0;0;0;0;0;0;0;0;0;0;0;0;0;0;0;0;0;0;0;0;0;0;0;0
4.45396152096865e-08;1.37497750304753e-06;9.2564480331343e-06;3.36878704125882e-05;8.86296018571662e-05;0.000190905894348293;0.000358790114456032;0.000610240384813455;0.000960827812985041;0.00142143146857262;0.00199584250962019;0.0026783386453512;0.00345143258656805;0.00428419482364254;0.00513094855988189;0.00593032383932574;0.00660488788061874;0.00706139491408539;0.00719169641059691;0.00687419957278751;0.00597564444971246;0.00435331093913719;0.00185762649997299;-0.00166475681980504;-0.00636744360979139;-0.0124002978506856;-0.0199052880510497;-0.02901231538051;-0.0398350700770402;-0.0524669978980615;-0.0669774886063479;-0.0834084278363548
0;0;0;0;0;0;0;0;0;0;0;0;0;0;0;0;0;0;0;0;0;0;0;0;0;0;0;0;0;0;0;0
0;0;0;0;0;0;0;0;0;0;0;0;0;0;0;0;0;0;0;0;0;0;0;0;0;0;0;0;0;0;0;0
1.16234588903652e-08;3.52269974588473e-07;2.20641933846169e-06;7.21076623401688e-06;1.6513274165802e-05;2.98323784591992e-05;4.45849932778475e-05;5.4958555543751e-05;5.09162959661733e-05;1.71390522888687e-05;-6.81619398584066e-05;-0.000234528606492202;-0.000520449757718987;-0.000974433476128746;-0.00165591910734134;-0.00263603792824345;-0.00399813768880243;-0.00583788250813121;-0.00826280511589212;-0.0113913961088701;-0.0153514783056344;-0.0202779714983577;-0.0263101353488249;-0.0335882377944428;-0.04224985313778;-0.0524259601899667;-0.0642369056353575;-0.077788360256995;-0.0931673578793196;-0.110438527037029;-0.129640622242836;-0.150783445490966
0;0;0;0;0;0;0;0;0;0;0;0;0;0;0;0;0;0;0;0;0;0;0;0;0;0;0;0;0;0;0;0
0;0;0;0;0;0;0;0;0;0;0;0;0;0;0;0;0;0;0;0;0;0;0;0;0;0;0;0;0;0;0;0
4.45561740196423e-08;1.37549431047412e-06;9.26014161981448e-06;3.37037134898559e-05;8.86739220121699e-05;0.000190969805083538;0.000358748569912907;0.000609725842425288;0.00095912373241849;0.00141742002271911;0.00198799355781621;0.0026647248929502;0.00342981328462566;0.00425208917910453;0.00508569927320946;0.00586920071426934;0.00652534973791121;0.00696153240817685;0.00707078585409455;0.00673327208067843;0.00581805149034474;0.00418528509901732;0.00168877867897764;-0.00182105937026661;-0.0064938433838029;-0.0124753656732849;-0.0199035680775102;-0.0289045033450821;-0.0395883395846272;-0.0520454844392309;-0.0663429187429474;-0.082520864138179
0;0;0;0;0;0;0;0;0;0;0;0;0;0;0;0;0;0;0;0;0;0;0;0;0;0;0;0;0;0;0;0
0;0;0;0;0;0;0;0;0;0;0;0;0;0;0;0;0;0;0;0;0;0;0;0;0;0;0;0;0;0;0;0
1.07608554090356e-08;3.22913897749406e-07;1.94278245362973e-06;5.98461173225617e-06;1.26586721701673e-05;2.0328913811554e-05;2.47570082905067e-05;1.83664032160228e-05;-1.06282012654811e-05;-7.92874652938629e-05;-0.000211150790774226;-0.000437452681299922;-0.000798182670727391;-0.00134302774300856;-0.00213209675697259;-0.0032364607268798;-0.00473840820696604;-0.00673134285514572;-0.00931916322346117;-0.0126152112857548;-0.016740603585049;-0.0218220308616232;-0.0279890863802639;-0.0353711149749204;-0.0440938476831449;-0.0542759604108203;-0.0660255958073524;-0.0794368812012783;-0.0945864938545871;-0.111530320864674;-0.130300360820317;-0.150901962003843
0;0;0;0;0;0;0;0;0;0;0;0;0;0;0;0;0;0;0;0;0;0;0;0;0;0;0;0;0;0;0;0
0;0;0;0;0;0;0;0;0;0;0;0;0;0;0;0;0;0;0;0;0;0;0;0;0;0;0;0;0;0;0;0
4.56734716979553e-08;1.41299705240718e-06;9.58567803063602e-06;3.51866676261124e-05;9.32592778689741e-05;0.000202048125702408;0.000381357857833517;0.00065064450435907;0.00102699836484475;0.00152309122596122;0.00214512343194579;0.00289065335808939;0.00374652042214174;0.00468727335390347;0.00567396278716842;0.0066533684208324;0.00755780132933558;0.00830541886046595;0.00880105818630512;0.00893749052163757;0.0085969402609978;0.00765294558205439;0.00597249977981668;0.00341859563590169;-0.000146830836671985;-0.00485952242268771;-0.0108493787803089;-0.0182369010036781;-0.0271296941006223;-0.0376190602423725;-0.0497767239851713;-0.0636517949409827
0;0;0;0;0;0;0;0;0;0;0;0;0;0;0;0;0;0;0;0;0;0;0;0;0;0;0;0;0;0;0;0
0;0;0;0;0;0;0;0;0;0;0;0;0;0;0;0;0;0;0;0;0;0;0;0;0;0;0;0;0;0;0;0
8.2512913217069e-09;2.4211500606649e-07;1.31725018213228e-06;3.35607603393414e-06;4.90710595151597e-06;2.20261274277614e-06;-1.12873489502032e-05;-4.54266234525593e-05;-0.000114290849333421;-0.000237216891706246;-0.000439819816699221;-0.000754866742870077;-0.00122295967803079;-0.00189322845776654;-0.00282398181918626;-0.0040833063634846;-0.00574940549647413;-0.00791066183498381;-0.0106652927952028;-0.0141206309868748;-0.0183917167159537;-0.0235993832377709;-0.0298679663875139;-0.0373226221979917;-0.0460863610829535;-0.0562768809626524;-0.0680032959634222;-0.081362809161985;-0.0964373742416871;-0.113290463582527;-0.131964054618736;-0.152475919105616
0;0;0;0;0;0;0;0;0;0;0;0;0;0;0;0;0;0;0;0;0;0;0;0;0;0;0;0;0;0;0;0
0;0;0;0;0;0;0;0;0;0;0;0;0;0;0;0;0;0;0;0;0;0;0;0;0;0;0;0;0;0;0;0
4.91401644470483e-08;1.52191498570192e-06;1.03675675574119e-05;3.82929051470972e-05;0.000102260362371969;0.000223508805572152;0.00042635307207202;0.000736868745295239;0.00118141795797964;0.00178486671323552;0.00256842581497491;0.0035472074345738;0.00472787560132262;0.00610682823672915;0.00766867803267929;0.00938498276465643;0.0112132452826666;0.0130963096054277;0.0149623251747025;0.0167252038964342;0.0182854170190361;0.0195310818637735;0.0203393605968651;0.0205782870290259;0.0201090194197314;0.0187886188327627;0.0164731395031151;0.0130208936098268;0.00829584320669321;0.00217108399631028;-0.00546765010201041;-0.0147185655135574
0;0;0;0;0;0;0;0;0;0;0;0;0;0;0;0;0;0;0;0;0;0;0;0;0;0;0;0;0;0;0;0
0;0;0;0;0;0;0;0;0;0;0;0;0;0;0;0;0;0;0;0;0;0;0;0;0;0;0;0;0;0;0;0
-1.57667533219229e-08;-5.06934428340572e-07;-3.90607587794739e-06;-1.63107139267711e-05;-4.81752017188681e-05;-0.000114755871129259;-0.000236809432485666;-0.000441376302960264;-0.000762481258864954;-0.00124181736881377;-0.00192958086848286;-0.0028852620295759;-0.00417829612904733;-0.00588913241101931;-0.00811057315412593;-0.0109489938478043;-0.0145252646912913;-0.0189753996018505;-0.02445078366073;-0.0311179343971555;-0.0391573864441976;-0.0487616143289038;-0.0601319825929434;-0.0734748647166601;-0.0889972287781231;-0.106901925131569;-0.127382667367414;-0.15061861611862;-0.176768706919408;-0.205966046576744;-0.238312528568188;-0.273873734948744
0;0;0;0;0;0;0;0;0;0;0;0;0;0;0;0;0;0;0;0;0;0;0;0;0;0;0;0;0;0;0;0
0;0;0;0;0;0;0;0;0;0;0;0;0;0;0;0;0;0;0;0;0;0;0;0;0;0;0;0;0;0;0;0
8.06493420234926e-08;2.52310617245237e-06;1.78179065641194e-05;6.87792801660134e-05;0.000192192499090033;0.000439474265148315;0.000876077755688406;0.00157957842419183;0.00263669359587977;0.00413950486936082;0.00618094172826144;0.00884924494901309;0.0122218302200885;0.0163593398769682;0.0212998966731058;0.0270537962867262;0.0335990405631042;0.0408776484459343;0.0487926362351315;0.057205904291014;0.0659371291693056;0.0747637223058096;0.0834218557294547;0.0916087436147942;0.0989862601641223;0.105185895280916;0.10981493531404;0.112463686476505;0.112713608027456;0.110146181951938;0.104352300405659;0.0949420478535209
0;0;0;0;0;0;0;0;0;0;0;0;0;0;0;0;0;0;0;0;0;0;0;0;0;0;0;0;0;0;0;0
0;0;0;0;0;0;0;0;0;0;0;0;0;0;0;0;0;0;0;0;0;0;0;0;0;0;0;0;0;0;0;0
1.87165444997963e-07;5.87404953159936e-06;4.19615900495649e-05;0.00016463530393575;0.000468205538706607;0.00108853968207134;0.00220361377464994;0.00403151203195387;0.00682604824859697;0.0108699700456292;0.0164666851402363;0.0239315246476287;0.0335823571869325;0.0457296033999065;0.0606659583501214;0.0786560786568839;0.0999264004972024;0.124655276768158;0.152963850620661;0.184907910428872;0.220470948688836;0.259558657547349;0.301994993988874;0.347519879648584;0.395788521443235;0.446372538220718;0.498763084012256;0.552376054462256;0.606559375665476;0.660602234286038;0.713746084386171;0.76519708884016
0;0;0;0;0;0;0;0;0;0;0;0;0;0;0;0;0;0;0;0;0;0;0;0;0;0;0;0;0;0;0;0
0;0;0;0;0;0;0;0;0;0;0;0;0;0;0;0;0;0;0;0;0;0;0;0;0;0;0;0;0;0;0;0
2.46471333750584e-07;7.71611340348094e-06;5.46311057176799e-05;0.000211748282321568;0.000594282240760424;0.00136422825062926;0.00273051789388115;0.0049475463950614;0.00831206908402154;0.013158716350489;0.0198543417651366;0.0287909454894251;0.0403771439452811;0.0550285012794391;0.073156925146775;0.0951592456897719;0.121405299873827;0.152226136724701;0.18790270938787;0.228655065462027;0.274632174682143;0.325902700764188;0.38244707035347;0.444151129563514;0.510801799112111;0.5820848254786;0.657584419816072;0.736784796050747;0.819073552408964;0.903747338305606;0.990020019635527;1.0770329376381
0;0;0;0;0;0;0;0;0;0;0;0;0;0;0;0;0;0;0;0;0;0;0;0;0;0;0;0;0;0;0;0
0;0;0;0;0;0;0;0;0;0;0;0;0;0;0;0;0;0;0;0;0;0;0;0;0;0;0;0;0;0;0;0
1.29724036482289e-07;3.99445751228186e-06;2.66571230827453e-05;9.64272891831063e-05;0.000254015608127339;0.000552168066171598;0.00105451212638912;0.00183329673893371;0.00296649422145746;0.00453442928006497;0.00661661456780646;0.00928881778716547;0.0126200268880751;0.0166694226874257;0.0214835705582654;0.0270939737053971;0.0335150081345868;0.0407421611457656;0.0487505140627077;0.057493627051661;0.0669030071125776;0.0768881632379824;0.0873371828409843;0.0981178232604303;0.109079014354149;0.120052672855011;0.130856012526998;0.141294461766383;0.151165133964567;0.160260654698487;0.168373105704641;0.175298047600597
0;0;0;0;0;0;0;0;0;0;0;0;0;0;0;0;0;0;0;0;0;0;0;0;0;0;0;0;0;0;0;0
0;0;0;0;0;0;0;0;0;0;0;0;0;0;0;0;0;0;0;0;0;0;0;0;0;0;0;0;0;0;0;0
2.08591667831899e-07;6.4606087513597e-06;4.40281771657865e-05;0.000162909439688487;0.000436525791373484;0.000958614109547841;0.00183949952295733;0.00320263528556071;0.00518164422852862;0.00791749749172518;0.0115554197983519;0.0162412852263191;0.0221175783657606;0.0293191235648967;0.0379688046957773;0.0481734884247711;0.0600201891638602;0.0735725101726146;0.0888674813609428;0.105912847608338;0.124684728014115;0.145125794627797;0.167144232081542;0.190613489781454;0.215372779690026;0.241228246236038;0.26795484310715;0.295298941281017;0.322981391980409;0.35070117701154;0.378139817074014;0.404966516854804
0;0;0;0;0;0;0;0;0;0;0;0;0;0;0;0;0;0;0;0;0;0;0;0;0;0;0;0;0;0;0;0
0;0;0;0;0;0;0;0;0;0;0;0;0;0;0;0;0;0;0;0;0;0;0;0;0;0;0;0;0;0;0;0
1.39094761721288e-07;4.29434026406398e-06;2.89284621042222e-05;0.000105600661462505;0.000279559534659161;0.000607761803831938;0.00115610407545392;0.00199605511099537;0.00320099321430628;0.00484222969546601;0.0069853779659378;0.00968730413332477;0.0129933652933713;0.0169349629948074;0.0215275406397142;0.0267690410584159;0.0326387575133718;0.0390964793988324;0.0460819870339911;0.0535150557391977;0.0612961321536294;0.0693076140015207;0.0774155612058376;0.0854717905645338;0.0933162169706414;0.100779413805061;0.107685606987624;0.113856103665165;0.119113018147456;0.12328323192788;0.12620237078697;0.127718593516362
0;0;0;0;0;0;0;0;0;0;0;0;0;0;0;0;0;0;0;0;0;0;0;0;0;0;0;0;0;0;0;0
0;0;0;0;0;0;0;0;0;0;0;0;0;0;0;0;0;0;0;0;0;0;0;0;0;0;0;0;0;0;0;0
2.02697656957462e-07;6.27040567972606e-06;4.25450989932399e-05;0.000156627635176935;0.000417765731871049;0.000913602502983287;0.00174585256730675;0.00302570469681535;0.00486937459535873;0.00739384086731462;0.010713020955618;0.0149342210870425;0.0201546351841488;0.0264579072612312;0.0339108682295209;0.0425605658567545;0.0524317211567755;0.0635247182185576;0.0758141678285709;0.0892480287328765;0.103747173941803;0.119205477442023;0.135490570626497;0.152445235502484;0.169889399139848;0.187622619780187;0.205427111276021;0.223071322589873;0.240313749567724;0.256907124494355;0.272603025981945;0.287156632173841
0;0;0;0;0;0;0;0;0;0;0;0;0;0;0;0;0;0;0;0;0;0;0;0;0;0;0;0;0;0;0;0
0;0;0;0;0;0;0;0;0;0;0;0;0;0;0;0;0;0;0;0;0;0;0;0;0;0;0;0;0;0;0;0
1.41205041711288e-07;4.364011839019e-06;2.95062951321918e-05;0.000108125080599379;0.000287132984529512;0.000625801918152155;0.00119295170025646;0.00206340551798301;0.00331404075167019;0.00501942364605315;0.00724758834429601;0.0100562924463815;0.0134896451225531;0.0175752679769937;0.0223221126487801;0.0277189138366787;0.0337331970818646;0.0403106575577932;0.0473749425501583;0.0548280444432568;0.0625513802574841;0.0704075385604093;0.0782425157155144;0.085888346193328;0.0931660152867616;0.0998886421455137;0.105865104870618;0.110904141255147;0.114818726555769;0.117430563684092;0.118574484303614;0.118102626512176
0;0;0;0;0;0;0;0;0;0;0;0;0;0;0;0;0;0;0;0;0;0;0;0;0;0;0;0;0;0;0;0
0;0;0;0;0;0;0;0;0;0;0;0;0;0;0;0;0;0;0;0;0;0;0;0;0;0;0;0;0;0;0;0
2.00805161762006e-07;6.20732436065704e-06;4.20070068071971e-05;0.000154195896567517;0.000410210057012933;0.000895043328927884;0.00170706398107606;0.00295363638928505;0.00474673359337214;0.00719868662983904;0.0104181322242291;0.0145060926858619;0.0195520691810454;0.0256302355920245;0.0327959767321077;0.0410828351973494;0.0505000214475543;0.0610304904485857;0.07262968981613;0.0852250366757075;0.0987159957419215;0.11297476836182;0.127847745170143;0.143157740404308;0.158706858393493;0.174279770559564;0.189647370081332;0.204570866327064;0.218806099747277;0.232108220693705;0.24423674524959;0.254960686674572
0;0;0;0;0;0;0;0;0;0;0;0;0;0;0;0;0;0;0;0;0;0;0;0;0;0;0;0;0;0;0;0
0;0;0;0;0;0;0;0;0;0;0;0;0;0;0;0;0;0;0;0;0;0;0;0;0;0;0;0;0;0;0;0
1.41262369018581e-07;4.36581556530301e-06;2.95192130356277e-05;0.000108173750269235;0.000287251610055628;0.000625984134743476;0.00119303892273822;0.00206295768251941;0.0033122493865293;0.00501507285826017;0.00723905973705602;0.0100416267279322;0.0134666520947629;0.017541533450064;0.0222748180347373;0.0276544354499844;0.0336464617175173;0.0401943450481069;0.0472186624361945;0.0546174652094984;0.0622674274093477;0.0700257240175406;0.0777324662562374;0.0852136065575965;0.0922840970026122;0.0987512603655043;0.104418619891821;0.109090179465397;0.112574966358154;0.114691710427021;0.115273418484511;0.114171709590532
0;0;0;0;0;0;0;0;0;0;0;0;0;0;0;0;0;0;0;0;0;0;0;0;0;0;0;0;0;0;0;0
0;0;0;0;0;0;0;0;0;0;0;0;0;0;0;0;0;0;0;0;0;0;0;0;0;0;0;0;0;0;0;0
2.00857679309151e-07;6.20897643082895e-06;4.20188521193569e-05;0.000154240910986299;0.000410317563453195;0.000895179923343454;0.00170698123994853;0.00295271943476167;0.00474395778708037;0.00719265145291734;0.0104069919384019;0.0144872717906722;0.0195219901967636;0.0255843030806099;0.0327288018762059;0.0409887043881364;0.0503735946167241;0.0608677206496017;0.0724288980303038;0.0849880097717841;0.0984489766291817;0.112689290894656;0.127561198732419;0.142893624845216;0.15849480539919;0.174155440569331;0.189652205603167;0.204751671181564;0.219214456139274;0.232799764342365;0.245270288714446;0.256397167234775
0;0;0;0;0;0;0;0;0;0;0;0;0;0;0;0;0;0;0;0;0;0;0;0;0;0;0;0;0;0;0;0
0;0;0;0;0;0;0;0;0;0;0;0;0;0;0;0;0;0;0;0;0;0;0;0;0;0;0;0;0;0;0;0
1.39416401845678e-07;4.30412796887253e-06;2.89890781515718e-05;0.000105756353130289;0.000279682453156994;0.000607324187912213;0.00115406232308102;0.00199078269957012;0.00319001271836789;0.00482161269505714;0.00694879941355613;0.00962483475972313;0.0128900559990372;0.0167692938631206;0.0212699010110836;0.0263804543370505;0.0320699446857387;0.0382872336421004;0.044960799519668;0.0519989592992893;0.0592907536435303;0.0667075382713467;0.0741051048667955;0.0813261486329696;0.0882028815010531;0.0945598160582933;0.100217083789871;0.104994275488542;0.108714503010142;0.111208589301445;0.112319161079014;0.111904522649005
0;0;0;0;0;0;0;0;0;0;0;0;0;0;0;0;0;0;0;0;0;0;0;0;0;0;0;0;0;0;0;0
0;0;0;0;0;0;0;0;0;0;0;0;0;0;0;0;0;0;0;0;0;0;0;0;0;0;0;0;0;0;0;0
2.02991871034393e-07;6.27936165339491e-06;4.26009729035855e-05;0.000156779724401767;0.000417904058079234;0.000913041842807249;0.00174270831225328;0.00301641650536908;0.00484876666015554;0.00735583265908969;0.0106517656157376;0.0148454263510209;0.0200369595063942;0.026314366361251;0.0337501756635077;0.0423983943060702;0.0522918600348304;0.0634400674085017;0.0758275311539253;0.0894127095233766;0.104127301534757;0.119875959823713;0.136536662112154;0.153961823450524;0.171980127644019;0.190398779486733;0.209006132903464;0.227574870054398;0.245865465400419;0.263630156335062;0.280617440016618;0.296576762426378
0;0;0;0;0;0;0;0;0;0;0;0;0;0;0;0;0;0;0;0;0;0;0;0;0;0;0;0;0;0;0;0
0;0;0;0;0;0;0;0;0;0;0;0;0;0;0;0;0;0;0;0;0;0;0;0;0;0;0;0;0;0;0;0
1.34164755300263e-07;4.13617201044329e-06;2.77156540225357e-05;0.000100513805837805;0.000264472259337319;0.000572323920708364;0.00108601837684074;0.00187448091435271;0.0030106920546284;0.00456815727118597;0.00661741581797407;0.00922293010533458;0.012440239581752;0.016313445831809;0.0208729960951803;0.0261336820771303;0.0320928917327704;0.0387291475004401;0.0460010195990874;0.0538465914894879;0.0621836373891541;0.0709103815397262;0.0799065421441678;0.0890346708295559;0.0981419005638348;0.107062172995135;0.115618970002051;0.123628429818768;0.130902827783274;0.137254337357186;0.142498867447795;0.146459948952621
0;0;0;0;0;0;0;0;0;0;0;0;0;0;0;0;0;0;0;0;0;0;0;0;0;0;0;0;0;0;0;0
0;0;0;0;0;0;0;0;0;0;0;0;0;0;0;0;0;0;0;0;0;0;0;0;0;0;0;0;0;0;0;0
2.07355995387523e-07;6.41151160555664e-06;4.34367060361114e-05;0.000159815859867206;0.000426874451977201;0.000936971356678191;0.00180118427620704;0.00314680827411579;0.0051146717931827;0.0078560711647105;0.0115293047193303;0.0162958161903508;0.0223159411322239;0.0297443989455315;0.0387257228411654;0.0493897168271852;0.0618469797122975;0.0761846276508204;0.0924624060906703;0.110709241463158;0.130920221130516;0.153054173215731;0.177032053046898;0.202736118807715;0.230009814286076;0.258658386853175;0.288450371954491;0.319119961739296;0.350370021727158;0.381875852440118;0.413289847310627;0.444246801838744
0;0;0;0;0;0;0;0;0;0;0;0;0;0;0;0;0;0;0;0;0;0;0;0;0;0;0;0;0;0;0;0
0;0;0;0;0;0;0;0;0;0;0;0;0;0;0;0;0;0;0;0;0;0;0;0;0;0;0;0;0;0;0;0
8.93409457256601e-08;2.78382017794999e-06;1.94167681050213e-05;7.46311614133777e-05;0.000209933633939685;0.000486204851000592;0.000984179095618108;0.00180285221790165;0.00305625801965695;0.00486905012113613;0.00737151321523072;0.0106944141850177;0.0149637703389434;0.0202956450370554;0.0267911948543814;0.0345321395865292;0.0435766407063442;0.0539554012368775;0.0656680047154358;0.0786797835525909;0.0929196287946665;0.108278848898282;0.124610918530613;0.141732013615624;0.159422114556231;0.177426726497392;0.195459690683531;0.213207226141768;0.230333073163958;0.24648434571243;0.261297835501523;0.274406954781791
0;0;0;0;0;0;0;0;0;0;0;0;0;0;0;0;0;0;0;0;0;0;0;0;0;0;0;0;0;0;0;0
0;0;0;0;0;0;0;0;0;0;0;0;0;0;0;0;0;0;0;0;0;0;0;0;0;0;0;0;0;0;0;0
3.2316009530572e-07;1.01197968387047e-05;7.1732088458215e-05;0.000278718520563083;0.000785438031743561;0.00181248743504026;0.00364767335853401;0.00664360891706693;0.0112129465743902;0.017821557985627;0.0269797701385339;0.039231517905232;0.055141767441746;0.0752824003849016;0.100216780187553;0.130483505690763;0.166579941345276;0.208945891692273;0.257947585480054;0.313862501923997;0.376865336710131;0.447015488267189;0.524246612648945;0.60835863097961;0.699012468393907;0.795727439893943;0.89788134655705;1.00471356226605;1.11533119920847;1.22871850213974;1.34374935603685;1.45920259216357
0;0;0;0;0;0;0;0;0;0;0;0;0;0;0;0;0;0;0;0;0;0;0;0;0;0;0;0;0;0;0;0
0;0;0;0;0;0;0;0;0;0;0;0;0;0;0;0;0;0;0;0;0;0;0;0;0;0;0;0;0;0;0;0
4.69051662941226e-07;1.4729142672111e-05;0.000105405820692322;0.000414032811051326;0.00117813412997424;0.00274179061908946;0.00556235037551433;0.0102130802264073;0.017381592915823;0.027863876562847;0.0425538292361153;0.0624288293120319;0.0885313415235681;0.121946934953132;0.163779319483762;0.215122864891686;0.277033161128365;0.350496392769542;0.436398491320848;0.535494764753379;0.64838090645823;0.775466114684205;0.916948826848154;1.07279575671607;1.24272498442766;1.426193846698;1.62239196776178;1.83023966654239;2.04839194846242;2.27524801668722;2.5089662597671;2.74748493565491
0;0;0;0;0;0;0;0;0;0;0;0;0;0;0;0;0;0;0;0;0;0;0;0;0;0;0;0;0;0;0;0
0;0;0;0;0;0;0;0;0;0;0;0;0;0;0;0;0;0;0;0;0;0;0;0;0;0;0;0;0;0;0;0
3.71011642646427e-07;1.1586609033374e-05;8.13975665297877e-05;0.000314124839761414;0.000884070345391789;0.0020484916888718;0.00415740327801844;0.00765871181558936;0.0130990940608252;0.0211212020999941;0.032457484359573;0.0479201802928955;0.0683875056823132;0.0947865718764419;0.128073452447474;0.169210753245319;0.219143141569649;0.278771523051432;0.348926455167434;0.430341472318563;0.523627070837952;0.629246081272616;0.747491118811251;0.878464582185522;1.02206175779164;1.17795760704017;1.34559776567845;1.52419414402273;1.71272523385402;1.90994136461408;2.11437501783363;2.32435572332042
0;0;0;0;0;0;0;0;0;0;0;0;0;0;0;0;0;0;0;0;0;0;0;0;0;0;0;0;0;0;0;0
0;0;0;0;0;0;0;0;0;0;0;0;0;0;0;0;0;0;0;0;0;0;0;0;0;0;0;0;0;0;0;0
3.08972494891594e-07;9.5474315494869e-06;6.45407322300817e-05;0.000237057048208666;0.000633116854459972;0.00139240737215195;0.00268801311142908;0.00472557337476201;0.00774163394186235;0.012000881470787;0.0177920864248652;0.0254228755680552;0.0352135872928909;0.0474903005624783;0.0625770515949829;0.0807873892209067;0.102415558803117;0.12772761401122;0.156952664167477;0.190274486666536;0.227823729221688;0.269670809961057;0.315819623886987;0.366202359744577;0.420675716416418;0.479018635051765;0.540931537959119;0.606037082601053;0.673882584425083;0.743944014885686;0.815631388479093;0.888295772072937
0;0;0;0;0;0;0;0;0;0;0;0;0;0;0;0;0;0;0;0;0;0;0;0;0;0;0;0;0;0;0;0
0;0;0;0;0;0;0;0;0;0;0;0;0;0;0;0;0;0;0;0;0;0;0;0;0;0;0;0;0;0;0;0
3.64562883364333e-07;1.12598077411386e-05;7.59882081900862e-05;0.00027866713841909;0.000743978371912537;0.00163824363174904;0.00317077849115725;0.00559396759195168;0.00920189501896177;0.0143275072085688;0.0213382675807383;0.0306302817049892;0.042620948989951;0.0577402282084434;0.0764207727261803;0.0990872709416898;0.126145187608016;0.157969153317209;0.194891311863351;0.237189896635254;0.285078291840782;0.338694950048993;0.398094527331437;0.463240372865238;0.533998507111051;0.610133357381911;0.691305529637201;0.777071748052593;0.866886881610375;0.960108002602024;1.05600057269594;1.15374678764247
0;0;0;0;0;0;0;0;0;0;0;0;0;0;0;0;0;0;0;0;0;0;0;0;0;0;0;0;0;0;0;0
0;0;0;0;0;0;0;0;0;0;0;0;0;0;0;0;0;0;0;0;0;0;0;0;0;0;0;0;0;0;0;0
3.18617220336426e-07;9.86140852903619e-06;6.70392394333129e-05;0.000247480492664068;0.000662283557183166;0.00145439126814168;0.00279495392400829;0.00488010134317429;0.00792809163650414;0.0121762215810264;0.0178768065375298;0.0252920618326607;0.0346881798731128;0.0463289798165792;0.0604692603031949;0.0773479138084373;0.0971809338116136;0.120154480272073;0.146418201084471;0.176079033638404;0.209195755093082;0.245774287498807;0.28576370673116;0.329053234124703;0.375470460913464;0.424780904401581;0.476688796682608;0.530839014135131;0.586820246291541;0.644169375670055;0.702376924080003;0.760893832132044
0;0;0;0;0;0;0;0;0;0;0;0;0;0;0;0;0;0;0;0;0;0;0;0;0;0;0;0;0;0;0;0
0;0;0;0;0;0;0;0;0;0;0;0;0;0;0;0;0;0;0;0;0;0;0;0;0;0;0;0;0;0;0;0
3.58727410199978e-07;1.10716643553222e-05;7.45227058131835e-05;0.000272405228235082;0.000724919552595153;0.00159114064908832;0.00306874371155148;0.00539201228430083;0.00882839271860728;0.0136739208573565;0.0202480286509573;0.028887575447498;0.039939864581691;0.0537547985358244;0.070676358249411;0.0910335801527176;0.115131283633297;0.143240801746209;0.175590941130361;0.212359402639062;0.253664863664013;0.299559984721782;0.350025535046113;0.404965661623685;0.464204433950373;0.527483972496406;0.594464355463313;0.664725310872871;0.737769599512589;0.813028037992367;0.88986610298927;0.967591905404502
0;0;0;0;0;0;0;0;0;0;0;0;0;0;0;0;0;0;0;0;0;0;0;0;0;0;0;0;0;0;0;0
0;0;0;0;0;0;0;0;0;0;0;0;0;0;0;0;0;0;0;0;0;0;0;0;0;0;0;0;0;0;0;0
3.20449845033097e-07;9.92072960828395e-06;6.75058832794478e-05;0.000249475429136588;0.000668445638182471;0.00147016471781852;0.00283018725903496;0.00495023514264227;0.00805448119285871;0.0123854487709931;0.0181990824143736;0.0257588657788419;0.0353292071647472;0.0471685786706663;0.0615224406352037;0.0786161307058106;0.0986479256947731;0.121782375507262;0.148144068145819;0.177812030598765;0.21081487133495;0.247126748046618;0.286664099147532;0.329283432712665;0.374780458297601;0.422890763456004;0.47329178951892;0.525605887075666;0.579404524233093;0.634213508446914;0.689519084023139;0.744775230567221
0;0;0;0;0;0;0;0;0;0;0;0;0;0;0;0;0;0;0;0;0;0;0;0;0;0;0;0;0;0;0;0
0;0;0;0;0;0;0;0;0;0;0;0;0;0;0;0;0;0;0;0;0;0;0;0;0;0;0;0;0;0;0;0
3.56943247607639e-07;1.10127248548158e-05;7.40325789017605e-05;0.000270240522812496;0.00071815597259183;0.00157380863502885;0.00303011095479126;0.00531487275202767;0.00868747165394241;0.0134344777042129;0.0198643696632578;0.0283012422489551;0.0390774364576139;0.0525253156040573;0.0689684692864331;0.0887125543241587;0.112036121431727;0.139181470573131;0.170345936245734;0.205673888120029;0.245249694657509;0.289091735134983;0.337147640091949;0.389290803355025;0.445318178575661;0.504949608865214;0.56782886230492;0.633526357380302;0.701543424154895;0.771317992161271;0.842231691240092;0.913618181865852
0;0;0;0;0;0;0;0;0;0;0;0;0;0;0;0;0;0;0;0;0;0;0;0;0;0;0;0;0;0;0;0
0;0;0;0;0;0;0;0;0;0;0;0;0;0;0;0;0;0;0;0;0;0;0;0;0;0;0;0;0;0;0;0
3.2051403170015e-07;9.92276307656686e-06;6.752088471509e-05;0.000249536845633824;0.000668633205072464;0.00147063249224396;0.00283113125561968;0.00495174295663903;0.00805630437486374;0.0123868070392962;0.0181985350371278;0.0257542550716561;0.0353177226252148;0.0471466057377884;0.0614851048727245;0.0785564531128111;0.0985555475199565;0.121641974487951;0.147933654109086;0.177501178184777;0.210363227052894;0.246482917056116;0.285765008744106;0.328054186936082;0.373134648133352;0.420731101386761;0.470511069184534;0.5220883084106;0.575027385913416;0.628849230960666;0.683037508954227;0.737046130178443
0;0;0;0;0;0;0;0;0;0;0;0;0;0;0;0;0;0;0;0;0;0;0;0;0;0;0;0;0;0;0;0
0;0;0;0;0;0;0;0;0;0;0;0;0;0;0;0;0;0;0;0;0;0;0;0;0;0;0;0;0;0;0;0
3.56999132944044e-07;1.10144430467623e-05;7.40439544559526e-05;0.000270280241517291;0.000718243371115276;0.00157390003184923;0.00302995646269178;0.00531384607257009;0.00868444831140522;0.0134277487592376;0.0198514409978808;0.0282784060756854;0.0390393824484606;0.0524651118513592;0.0688778983102411;0.0885828618743978;0.111859133013548;0.138951125019636;0.170060110226928;0.205336315309405;0.244871728082514;0.288693859389221;0.336760573611069;0.388956174152816;0.445088811327899;0.504889526276771;0.568012964405992;0.634039721856121;0.702480210198419;0.772779987119481;0.844326558825135;0.916457491850556
0;0;0;0;0;0;0;0;0;0;0;0;0;0;0;0;0;0;0;0;0;0;0;0;0;0;0;0;0;0;0;0
0;0;0;0;0;0;0;0;0;0;0;0;0;0;0;0;0;0;0;0;0;0;0;0;0;0;0;0;0;0;0;0
3.18877888622951e-07;9.86955569718192e-06;6.70954994466267e-05;0.000247669380645294;0.000662729197130209;0.001455364936977;0.00279691629649232;0.0048831928420629;0.00793080472259774;0.0121732030483449;0.0178560777314822;0.0252319650912745;0.034554152023499;0.046070268551455;0.0600158077543051;0.0766076487798537;0.0960375855867968;0.118465947575892;0.14401551842976;0.172765994659887;0.204749246663019;0.23994541652654;0.278279785751223;0.319620580704071;0.363777873965065;0.410503771967132;0.45949390622983;0.510390030137238;0.562783818508835;0.616221747231555;0.670210831434837;0.724225488902525
0;0;0;0;0;0;0;0;0;0;0;0;0;0;0;0;0;0;0;0;0;0;0;0;0;0;0;0;0;0;0;0
0;0;0;0;0;0;0;0;0;0;0;0;0;0;0;0;0;0;0;0;0;0;0;0;0;0;0;0;0;0;0;0
3.58898265059569e-07;1.10768864498499e-05;7.45556519545977e-05;0.000272492248240622;0.00072495232323611;0.00159044835816693;0.00306532835804411;0.00538188925530893;0.00880557253849896;0.0136314442594418;0.0201798489716758;0.0287908404027461;0.0398173735654598;0.0536174552452144;0.0705455527008275;0.0909435080846999;0.115131120912407;0.143396615816466;0.175987268695053;0.213100438928404;0.254875153486441;0.3013845062002;0.352629149109357;0.40853198149867;0.468934190185911;0.533592856568716;0.602180254128544;0.674284919018874;0.749414363039846;0.826999512949726;0.906400994678561;0.986916981517225
0;0;0;0;0;0;0;0;0;0;0;0;0;0;0;0;0;0;0;0;0;0;0;0;0;0;0;0;0;0;0;0
0;0;0;0;0;0;0;0;0;0;0;0;0;0;0;0;0;0;0;0;0;0;0;0;0;0;0;0;0;0;0;0
3.15217275385791e-07;9.75428176374817e-06;6.62603050430112e-05;0.000244285655150562;0.000652600929796329;0.00143067001436096;0.00274612772272699;0.00479292903145794;0.00778955707562467;0.0119764060923623;0.0176117510191374;0.0249665846495336;0.0343187859206303;0.045946871549362;0.0601232995663333;0.0771072411335477;0.0971370498675924;0.120422723424118;0.147138630685439;0.177416731793165;0.211340476847667;0.248939384259361;0.290184263963777;0.334983412240665;0.383180125985733;0.434551594830846;0.488809025541313;0.545599034432704;0.60450651236801;0.66505869330532;0.726730228799839;0.788949795775892
0;0;0;0;0;0;0;0;0;0;0;0;0;0;0;0;0;0;0;0;0;0;0;0;0;0;0;0;0;0;0;0
0;0;0;0;0;0;0;0;0;0;0;0;0;0;0;0;0;0;0;0;0;0;0;0;0;0;0;0;0;0;0;0
3.60591335693418e-07;1.11158570105535e-05;7.45192497689609e-05;0.00027172551015391;0.000723861681998004;0.00159553489422269;0.00309764697503557;0.00548811434964087;0.00907081754479339;0.0141931485031773;0.0212419208510219;0.0306374149746552;0.0428256835468443;0.0582693675387295;0.0774373285103753;0.100793336937431;0.128783971151792;0.161825969333489;0.200293401893032;0.244505026457477;0.294712181230047;0.351087575081249;0.413715263865803;0.482581958587685;0.557569889035291;0.638451629766653;0.724887115259577;0.816422895619603;0.912493654700327;1.01242611993857;1.11544539001252;1.22068333454653
0;0;0;0;0;0;0;0;0;0;0;0;0;0;0;0;0;0;0;0;0;0;0;0;0;0;0;0;0;0;0;0
0;0;0;0;0;0;0;0;0;0;0;0;0;0;0;0;0;0;0;0;0;0;0;0;0;0;0;0;0;0;0;0
2.69379772239148e-07;8.43293821417563e-06;5.97111062246895e-05;0.000231759427342098;0.000651879067758775;0.00149989936139534;0.0030094390669455;0.00546792978293725;0.00921512776545461;0.0146399632230964;0.022175150046163;0.0322896543133981;0.0454795366849399;0.0622572589241465;0.0831395669060738;0.108634334577597;0.139226750151369;0.175365037923301;0.217446041519215;0.265801230671197;0.32068355137195;0.382255288420501;0.450577113677677;0.525598833703216;0.607152159820275;0.694945810224883;0.788563071493136;0.887461684383193;0.990976409243278;1.09832418382796;1.20861170732388;1.32084575464626
0;0;0;0;0;0;0;0;0;0;0;0;0;0;0;0;0;0;0;0;0;0;0;0;0;0;0;0;0;0;0;0
0;0;0;0;0;0;0;0;0;0;0;0;0;0;0;0;0;0;0;0;0;0;0;0;0;0;0;0;0;0;0;0
5.68858211932423e-07;1.78014647046759e-05;0.000125941001192428;0.000489782965406877;0.00138666049910464;0.00322420781298582;0.00655220217179094;0.0120689382164791;0.0206217606413167;0.0332016697083023;0.0509325791420486;0.0750548693946458;0.106903473640355;0.147881036826068;0.199426784360856;0.262981856992502;0.339951962512074;0.431668231196335;0.539347114996772;0.664050433058144;0.806646612342904;0.967774229537406;1.14780885413858;1.34683399374959;1.56461699296381;1.80059060072989;2.05384103263888;2.32310304809168;2.60676213973733;2.90286409731278;3.20913195679856;3.52299015587303
0;0;0;0;0;0;0;0;0;0;0;0;0;0;0;0;0;0;0;0;0;0;0;0;0;0;0;0;0;0;0;0
0;0;0;0;0;0;0;0;0;0;0;0;0;0;0;0;0;0;0;0;0;0;0;0;0;0;0;0;0;0;0;0
7.14039710136849e-07;2.26118011462123e-05;0.00016652738852295;0.000676588294525789;0.00198953304185385;0.00477325558171519;0.0099560105789221;0.0187452858439613;0.0326351396693794;0.0534016801591922;0.0830871979509106;0.123973663545004;0.178545675535956;0.249443433787146;0.339406902595844;0.451212466847404;0.587603493379177;0.751216392497974;0.944504177397615;1.16965938101999;1.42853832494415;1.7225887792427;2.05278299229277;2.41955799280161;2.82276468630962;3.2616273678274;3.73471498605163;4.23992527117291;4.77448261072438;5.33494994846401;5.91725496631247;6.51673055523661
0;0;0;0;0;0;0;0;0;0;0;0;0;0;0;0;0;0;0;0;0;0;0;0;0;0;0;0;0;0;0;0
0;0;0;0;0;0;0;0;0;0;0;0;0;0;0;0;0;0;0;0;0;0;0;0;0;0;0;0;0;0;0;0
7.83154478791365e-07;2.48095677583272e-05;0.000182938485543682;0.000744350092131384;0.00219197674246314;0.00526623412562242;0.0109982197676831;0.0207313344255066;0.036130180553074;0.0591763280206207;0.0921513890253452;0.137607997682437;0.198328887008032;0.27727479972269;0.377522437340467;0.502193791050325;0.65437844951455;0.837050951273474;1.05298514156072;1.30466763872519;1.59421272640496;1.92328091915225;2.29300328754523;2.70391366149825;3.15589091867912;3.64811287860164;4.17902326570019;4.7463129840788;5.34691661079086;5.97702492233757;6.63211341773863;7.30698662046921
0;0;0;0;0;0;0;0;0;0;0;0;0;0;0;0;0;0;0;0;0;0;0;0;0;0;0;0;0;0;0;0
0;0;0;0;0;0;0;0;0;0;0;0;0;0;0;0;0;0;0;0;0;0;0;0;0;0;0;0;0;0;0;0
4.15212580804376e-07;1.29926876552474e-05;9.19206672464131e-05;0.000357916662040138;0.00101637144815731;0.002374274501547;0.00485318005340111;0.0089968433452025;0.0154737505238973;0.0250749385667272;0.0387073294849115;0.0573822101645859;0.0821989564686496;0.114324533008372;0.154969118976732;0.20535833134156;0.26670281009313;0.340165912891358;0.426830225268512;0.527663800378106;0.643487022811092;0.774940836977247;0.922457222372276;1.08623290601628;1.26620698642869;1.46204304991973;1.67311636507229;1.89850667824135;2.13699711502615;2.38707930536657;2.64696469286793;2.91460195142623
0;0;0;0;0;0;0;0;0;0;0;0;0;0;0;0;0;0;0;0;0;0;0;0;0;0;0;0;0;0;0;0
0;0;0;0;0;0;0;0;0;0;0;0;0;0;0;0;0;0;0;0;0;0;0;0;0;0;0;0;0;0;0;0
7.19770403151054e-07;2.26320381652735e-05;0.000162728123181935;0.000643461972650755;0.0018454436053335;0.00433165343043063;0.00886536173865221;0.0164209129356069;0.0281866799645782;0.0455596400139728;0.0701315826861666;0.103667589381121;0.148076709399839;0.205375278059695;0.277643857531275;0.366978819818409;0.475439650649459;0.604993305269112;0.757456973744241;0.934440568934222;1.13729041504018;1.36703575641115;1.62433958516669;1.90945512789256;2.22218921043719;2.56187348356988;2.92734463531186;3.31693441281294;3.72846990819759;4.15928433881596;4.60623836682635;5.06575224230757
0;0;0;0;0;0;0;0;0;0;0;0;0;0;0;0;0;0;0;0;0;0;0;0;0;0;0;0;0;0;0;0
0;0;0;0;0;0;0;0;0;0;0;0;0;0;0;0;0;0;0;0;0;0;0;0;0;0;0;0;0;0;0;0
4.48897239196715e-07;1.40674559120033e-05;9.99883170564621e-05;0.000390292296499233;0.00110632686173976;0.00257044010004748;0.00521407516553262;0.00958202273758066;0.016332315562904;0.0262320097663939;0.0401491416658722;0.0590405508695932;0.0839354082611277;0.115915020292559;0.156089480938624;0.205571657298166;0.265449105118672;0.336754505005379;0.420435267428861;0.517323130467623;0.628104665639835;0.753293414279172;0.893204399309511;1.04793185392714;1.21733062749384;1.40100178285024;1.59828295541654;1.80824385260075;2.02968722136678;2.26115548620916;2.50094324552828;2.74711548947338
0;0;0;0;0;0;0;0;0;0;0;0;0;0;0;0;0;0;0;0;0;0;0;0;0;0;0;0;0;0;0;0
0;0;0;0;0;0;0;0;0;0;0;0;0;0;0;0;0;0;0;0;0;0;0;0;0;0;0;0;0;0;0;0
6.95953259229782e-07;2.18679896826724e-05;0.000156869595826979;0.000618831837402072;0.00177152886304012;0.00415181767765247;0.00848401064770113;0.015686139804085;0.0268684614947923;0.0433239449737433;0.0665116829758041;0.0980343348134184;0.139609420406457;0.193034725773509;0.26014853939231;0.342785562704317;0.44272955571105;0.561663940778609;0.70112156265449;0.862434854801892;1.04668769244031;1.25467023493225;1.48683799369684;1.74327628968193;2.02367109150348;2.32728692602406;2.6529529547695;2.99905798407328;3.36355477424823;3.7439737011415;4.1374454442818;4.54073277066965
0;0;0;0;0;0;0;0;0;0;0;0;0;0;0;0;0;0;0;0;0;0;0;0;0;0;0;0;0;0;0;0
0;0;0;0;0;0;0;0;0;0;0;0;0;0;0;0;0;0;0;0;0;0;0;0;0;0;0;0;0;0;0;0
4.58050702493207e-07;1.4369696893956e-05;0.000102506092632248;0.00040157582095366;0.0011416326438638;0.0026587570529753;0.00540375106614984;0.00994598685101877;0.0169719099842559;0.0272785178965999;0.0417625003040582;0.0614054040644283;0.0872549720760572;0.12040324004544;0.161961745011901;0.21303437111284;0.274688577629738;0.34792569660715;0.433650829403815;0.532643041957936;0.645526530966506;0.772743685388292;0.914530886854286;1.07089788578658;1.24161118365434;1.42618191365034;1.6238587178068;1.83362603570338;2.05420805937514;2.28407813419967;2.52147356271581;2.76441592993771
0;0;0;0;0;0;0;0;0;0;0;0;0;0;0;0;0;0;0;0;0;0;0;0;0;0;0;0;0;0;0;0
0;0;0;0;0;0;0;0;0;0;0;0;0;0;0;0;0;0;0;0;0;0;0;0;0;0;0;0;0;0;0;0
6.88375358038579e-07;2.16171715072867e-05;0.000154764026344074;0.000609283303567859;0.00174125817605467;0.00407534678735673;0.00831892043679311;0.0153683182345093;0.0263072567295071;0.0423975174764428;0.0650622704460724;0.0958627585688735;0.136468526926701;0.188621810590241;0.254097079067326;0.334656619113344;0.432003320949433;0.547731794008197;0.683279184695516;0.839877029873335;1.0185054926685;1.21985104033479;1.44426873406851;1.69175031768252;1.96189893270894;2.25391093891296;2.56656562869756;2.89822341199303;3.24683282748571;3.60994650475424;3.98474567051621;4.36807308092061
0;0;0;0;0;0;0;0;0;0;0;0;0;0;0;0;0;0;0;0;0;0;0;0;0;0;0;0;0;0;0;0
0;0;0;0;0;0;0;0;0;0;0;0;0;0;0;0;0;0;0;0;0;0;0;0;0;0;0;0;0;0;0;0
4.58260974596046e-07;1.43765943145675e-05;0.000102562541839949;0.000401824943849265;0.00114237486755924;0.00266042146030439;0.00540679737433865;0.00995082793042157;0.0169787563015286;0.0272870349391787;0.0417715473983225;0.0614130930103854;0.0872588680057217;0.120399863767629;0.161945046523128;0.212993090272056;0.274602434624103;0.347760529097098;0.433353090094477;0.532134055164538;0.644697246921351;0.771450383450108;0.912592188524593;1.06809329698033;1.23768117231418;1.42082928683329;1.61675121818387;1.82440016524136;2.04247411889759;2.26942644659441;2.50348177646433;2.74265714707179
0;0;0;0;0;0;0;0;0;0;0;0;0;0;0;0;0;0;0;0;0;0;0;0;0;0;0;0;0;0;0;0
0;0;0;0;0;0;0;0;0;0;0;0;0;0;0;0;0;0;0;0;0;0;0;0;0;0;0;0;0;0;0;0
6.88571714968918e-07;2.162338613705e-05;0.000154809287148772;0.000609454732480606;0.00174168786059307;0.00407608567215785;0.00831957990905808;0.0153675197884321;0.0263020722096434;0.0423829797657288;0.0650307702450176;0.0958032134106596;0.136365670950011;0.188456196351163;0.253845892994679;0.334295409582406;0.431508671493271;0.547084944561957;0.682470385982017;0.838910247086859;1.01740290761007;1.21865708686544;1.44305337069501;1.69061130054169;1.96096303947607;2.25333426823408;2.56653299348192;2.89894681857716;3.24854903859126;3.61291367409698;3.98923908520504;4.37438012802028
0;0;0;0;0;0;0;0;0;0;0;0;0;0;0;0;0;0;0;0;0;0;0;0;0;0;0;0;0;0;0;0
0;0;0;0;0;0;0;0;0;0;0;0;0;0;0;0;0;0;0;0;0;0;0;0;0;0;0;0;0;0;0;0
4.50135113276274e-07;1.41068786875982e-05;0.000100280494030895;0.000391404100241309;0.00110915854312755;0.00257617250022201;0.00522434630927158;0.00959847139283568;0.0163541407363785;0.0262506078066642;0.0401403974363902;0.05895602072807;0.083693027240263;0.115389530570755;0.15510294292221;0.203884567894554;0.262752557846281;0.332663713746635;0.414484731785037;0.508963712557143;0.616702799375197;0.738132639584469;0.873489384544321;1.02279496775844;1.18584086626426;1.36217580795387;1.55109834524494;1.75165472783498;1.96264225662397;2.18261779142706;2.40991131184373;2.64264478400928
0;0;0;0;0;0;0;0;0;0;0;0;0;0;0;0;0;0;0;0;0;0;0;0;0;0;0;0;0;0;0;0
0;0;0;0;0;0;0;0;0;0;0;0;0;0;0;0;0;0;0;0;0;0;0;0;0;0;0;0;0;0;0;0
6.96503007224096e-07;2.18841672515829e-05;0.000156957811120638;0.000619030620331019;0.00177154762160133;0.00415010805179416;0.00847604844217283;0.0156627687813391;0.0268154403365106;0.0432234979871045;0.0663458489658777;0.0977895399965092;0.139281969834872;0.192636812416991;0.259714383748875;0.342377487138029;0.442443845006313;0.561636296922936;0.701531939556649;0.863511423409576;1.0487096722494;1.25796939881491;1.49179871725101;1.75033406837418;2.03330959096674;2.34003363713482;2.66937333166411;3.01974790711682;3.38913119378469;3.77506374409369;4.17467446086069;4.58471146116226
0;0;0;0;0;0;0;0;0;0;0;0;0;0;0;0;0;0;0;0;0;0;0;0;0;0;0;0;0;0;0;0
0;0;0;0;0;0;0;0;0;0;0;0;0;0;0;0;0;0;0;0;0;0;0;0;0;0;0;0;0;0;0;0
4.31378178409934e-07;1.35046461765148e-05;9.56274965235341e-05;0.000371167067689057;0.0010453245834961;0.00241403329096947;0.00487262936751246;0.00892089976224533;0.0151636968611162;0.024307790044259;0.0371550701403564;0.0545916581844281;0.0775730197774923;0.107105738854687;0.144226242351236;0.189976705942554;0.245378817785171;0.311406188215468;0.388955938108316;0.478820193760808;0.581658389847491;0.697970996184352;0.828075285216434;0.972083911480616;1.12988685952649;1.30113735980851;1.48524230229717;1.68135748155625;1.88838800994199;2.10499374069864;2.32959990985859;2.56041339026963
0;0;0;0;0;0;0;0;0;0;0;0;0;0;0;0;0;0;0;0;0;0;0;0;0;0;0;0;0;0;0;0
0;0;0;0;0;0;0;0;0;0;0;0;0;0;0;0;0;0;0;0;0;0;0;0;0;0;0;0;0;0;0;0
7.1309830427671e-07;2.2394397075168e-05;0.000160387648925953;0.000632597063243369;0.00181407111510451;0.00426445184095409;0.00874813855272256;0.0162471860139595;0.0279657868189404;0.0453255645095657;0.0699522464522579;0.103654255331801;0.148393092454105;0.206246028943768;0.279362134357059;0.369912662968497;0.480036802433801;0.611784062617706;0.767054842493152;0.947540619824111;1.1546652936484;1.38952935307247;1.6528583649594;1.94495714602208;2.26567092785836;2.61435460171818;2.98985120215934;3.39048048221173;3.81403811932418;4.25780596165601;4.71857322731403;5.19266862771365
0;0;0;0;0;0;0;0;0;0;0;0;0;0;0;0;0;0;0;0;0;0;0;0;0;0;0;0;0;0;0;0
0;0;0;0;0;0;0;0;0;0;0;0;0;0;0;0;0;0;0;0;0;0;0;0;0;0;0;0;0;0;0;0
1.7708385613721e-07;5.64663963961867e-06;4.25892046205433e-05;0.000178753473046228;0.000544351518393488;0.00134969688052271;0.00289800072426927;0.00559454193307093;0.00995188924460889;0.0165907191063578;0.0262363797854263;0.0397112473187701;0.0579229839709742;0.0818487399147019;0.112515728582059;0.150978713940211;0.198295001937858;0.255497271920426;0.323564932879856;0.403394889203067;0.495772305638462;0.601342128837919;0.720582329822546;0.853779645418676;1.00100816899976;1.16211151186718;1.33668910048405;1.52408719148633;1.72339512233856;1.93344654908201;2.15282621201092;2.37988234751374
0;0;0;0;0;0;0;0;0;0;0;0;0;0;0;0;0;0;0;0;0;0;0;0;0;0;0;0;0;0;0;0
0;0;0;0;0;0;0;0;0;0;0;0;0;0;0;0;0;0;0;0;0;0;0;0;0;0;0;0;0;0;0;0
1.12682922565616e-06;3.55807644846767e-05;0.000259552251787419;0.00104428239020303;0.00304737346652947;0.00727066955025535;0.0151023058626161;0.0283423617088516;0.0492127550825552;0.0803504102695285;0.124783452736336;0.185891267791839;0.267349153656561;0.373058538504118;0.507064028759142;0.673459369644744;0.876284716813546;1.11941773726534;1.40646091024597;1.74062798962907;2.12463264476086;2.56058212631304;3.04987891174327;3.59313326103394;4.19008916196458;4.83956548231989;5.53941448296676;6.28649933553065;7.07669192500093;7.90489163204722;8.76506478291372;9.65030497727573
