0;0;0;0;0;0;0;0;0;0;0;0
0;0;0;0;0;0;0;0;0;0;0;0
0.990625051400868;0.993245511387071;1.02105686430844;1.02768520765741;1.04459962933401;1.0558278983691;1.083767889018;1.25449866497325;2.03124756274076;2.02357027998962;2.04824550443511;2.05676315479263
0;0;0;0;0;0;0;0;0;0;0;0
0;0;0;0;0;0;0;0;0;0;0;0
0.97757661145777;0.997947592161593;1.00629430107581;1.02152762424144;1.04398761566317;1.06528772562856;1.0655048899693;1.23108492817277;2.02448870977509;2.0187263113068;2.02378316674386;2.04828461015972
0;0;0;0;0;0;0;0;0;0;0;0
0;0;0;0;0;0;0;0;0;0;0;0
0.979986351102174;0.972394764429703;0.980286876261905;0.989012787599505;0.99337212174356;1.00303198750701;0.996611940480148;1.19909529249954;1.98811640304468;1.97346115472679;1.96071172254472;1.97720848626506
0;0;0;0;0;0;0;0;0;0;0;0
0;0;0;0;0;0;0;0;0;0;0;0
0.990114377984224;0.998231470537988;1.01412588445099;1.02822160098256;1.04065807084681;1.04616813707776;1.06711442799332;1.2468884727393;2.02097482808195;2.0331656701443;2.03592270888639;2.05353879024936
0;0;0;0;0;0;0;0;0;0;0;0
0;0;0;0;0;0;0;0;0;0;0;0
0.990403944786257;1.00017608542251;1.02118066481025;1.02236394646415;1.03599400591714;1.0481592408377;1.08956905467671;1.24387893693989;2.03152760807322;2.03698889056799;2.04605627325679;2.04552624518402
0;0;0;0;0;0;0;0;0;0;0;0
0;0;0;0;0;0;0;0;0;0;0;0
0.977488748379521;0.997760205323241;1.00697956910408;1.01887528501656;1.03986906529205;1.06465129353527;1.06154675120047;1.2222055382623;2.03573274882497;2.0162498110379;2.02887127440593;2.04790616816839
0;0;0;0;0;0;0;0;0;0;0;0
0;0;0;0;0;0;0;0;0;0;0;0
0.980037728084644;0.971833179507285;0.982727417123016;0.990756913962815;0.992548654438357;1.00215977177887;1.00321876563019;1.19505348977442;1.99185428937921;1.96994725031252;1.96533831589732;1.98113712742439
0;0;0;0;0;0;0;0;0;0;0;0
0;0;0;0;0;0;0;0;0;0;0;0
0.990633272198724;0.993295677669209;1.0208972462309;1.0283080576115;1.04472209697837;1.05233363660878;1.0704721059395;1.25372801720925;2.03427203885873;2.02679012023575;2.04729474817992;2.05696286433526
0;0;0;0;0;0;0;0;0;0;0;0
0;0;0;0;0;0;0;0;0;0;0;0
0.988257360560653;0.985764540794955;0.973596181999921;0.970598645400989;0.968911897991936;0.961473751522078;0.952195956995865;1.17674701027372;1.95936996068016;1.94899758877891;1.93382258622153;1.93794188878904
0;0;0;0;0;0;0;0;0;0;0;0
0;0;0;0;0;0;0;0;0;0;0;0
0.991413866916528;0.974763148228594;0.962168855877367;0.953644683307065;0.927863978931421;0.918933811817693;0.885408734192702;1.14056043445532;1.93901877106304;1.9186468116946;1.89796200484639;1.89617070171905
0;0;0;0;0;0;0;0;0;0;0;0
0;0;0;0;0;0;0;0;0;0;0;0
0.990864553830946;1.00114352322668;1.01207229277282;1.01429507918244;1.01981586298468;1.02684063798076;1.04380185020658;1.2364145789686;1.99767499731009;2.00967204135649;2.02554557595084;2.02566251924918
0;0;0;0;0;0;0;0;0;0;0;0
0;0;0;0;0;0;0;0;0;0;0;0
0.989109628991383;0.982629492554354;0.972741816143908;0.960307099284577;0.959033208739041;0.957434137459859;0.944030360123575;1.16344953524213;1.95718768734383;1.94201641229291;1.92815051996175;1.917641481702
0;0;0;0;0;0;0;0;0;0;0;0
0;0;0;0;0;0;0;0;0;0;0;0
0.989067411357755;0.983079944117362;0.974130070608007;0.963753656511814;0.9604061790019;0.95729143130276;0.928349006898732;1.17135154394017;1.9542375891402;1.94376620007884;1.93269898050106;1.92687845495566
0;0;0;0;0;0;0;0;0;0;0;0
0;0;0;0;0;0;0;0;0;0;0;0
0.991441885672432;0.974602086660148;0.961166361697216;0.949991903462442;0.930424223700628;0.920297590695196;0.885812032146972;1.15128453378411;1.93395105967795;1.91441343511527;1.90024202048007;1.88839841923995
0;0;0;0;0;0;0;0;0;0;0;0
0;0;0;0;0;0;0;0;0;0;0;0
0.990874400091406;1.00123136266181;1.01131810447682;1.01337094887606;1.02014208135284;1.02467129230934;1.04178826135333;1.24380791201489;1.99359082622421;2.00446723574283;2.02563227036362;2.01992642939093
0;0;0;0;0;0;0;0;0;0;0;0
0;0;0;0;0;0;0;0;0;0;0;0
0.988249595043068;0.985801813097615;0.973804594995786;0.970742014947491;0.967872312368513;0.963504973308785;0.937039383410418;1.18069142582396;1.96023289213678;1.9459602431841;1.93851087890349;1.9366090191904
0;0;0;0;0;0;0;0;0;0;0;0
0;0;0;0;0;0;0;0;0;0;0;0
0.993414485023982;1.00434295950153;1.02315649196221;1.02618018196881;1.04802642551921;1.05816980169604;1.07114558919981;1.24048887742387;2.033032596132;2.0368286294032;2.05345713136239;2.05772391482344
0;0;0;0;0;0;0;0;0;0;0;0
0;0;0;0;0;0;0;0;0;0;0;0
0.991978570781269;0.984811568430797;0.977326979138041;0.983728987627509;0.97600392429613;0.974212970011748;0.965466748880705;1.1855939815876;1.98078844203226;1.97035524241238;1.95430380183402;1.96440328291561
0;0;0;0;0;0;0;0;0;0;0;0
0;0;0;0;0;0;0;0;0;0;0;0
0.994027203975979;0.982657986515144;0.983056160558439;0.977335256072306;0.979397681093493;0.978846847964762;0.969385455471696;1.16920716672041;1.99031025966608;1.96384556549415;1.95400202668123;1.95748658243935
0;0;0;0;0;0;0;0;0;0;0;0
0;0;0;0;0;0;0;0;0;0;0;0
0.995236192707938;1.01179880637724;1.02507214009317;1.03734087739087;1.06020796644625;1.07245582346723;1.09532202375252;1.25468992624065;2.04627094063508;2.053959583253;2.0733279931043;2.08256300835614
0;0;0;0;0;0;0;0;0;0;0;0
0;0;0;0;0;0;0;0;0;0;0;0
0.99434320693816;0.993245924766181;1.00631307342341;1.01386798714924;1.01742150500479;1.02703488095751;1.04901650478729;1.21957828307884;2.0140095561942;2.00722668551753;2.02076363167376;2.02574308690439
0;0;0;0;0;0;0;0;0;0;0;0
0;0;0;0;0;0;0;0;0;0;0;0
0.993044837321671;0.984293174123944;0.972746888343681;0.975472253266086;0.969105528080025;0.970217131354685;0.949688316456019;1.1718795967328;1.98020765970921;1.96079221508155;1.94523147733582;1.94495127348371
0;0;0;0;0;0;0;0;0;0;0;0
0;0;0;0;0;0;0;0;0;0;0;0
0.993646559714512;0.985999143381769;0.978285561662289;0.980408905779426;0.980428186240127;0.985460308579435;0.972886798029959;1.16745809819212;1.99476980420109;1.96812501001583;1.95094689179595;1.96157033666022
0;0;0;0;0;0;0;0;0;0;0;0
0;0;0;0;0;0;0;0;0;0;0;0
0.99315876310722;0.994343587494043;0.998332754544157;1.00002421742304;1.01426971673381;1.02061575169876;1.03161564688539;1.21007364206533;2.00974861334013;1.99752468246502;2.00122948860894;2.00152235379108
0;0;0;0;0;0;0;0;0;0;0;0
0;0;0;0;0;0;0;0;0;0;0;0
0.990827712585702;0.992174522761074;1.02179562311567;1.02243257110843;1.03628770570031;1.04714549398254;1.06061426760554;1.2451960282578;2.01805513576314;2.01683086385537;2.05321188134434;2.05078117298182
0;0;0;0;0;0;0;0;0;0;0;0
0;0;0;0;0;0;0;0;0;0;0;0
0.977517477580728;0.998243834770283;1.00778565800148;1.02517500730005;1.0444150996531;1.05122501816696;1.06718686832381;1.22344911998491;2.00913466362019;2.01898564989397;2.0337739626869;2.05603940134159
0;0;0;0;0;0;0;0;0;0;0;0
0;0;0;0;0;0;0;0;0;0;0;0
0.980002545082339;0.971999939369306;0.981177959929355;0.989600191762551;0.993493187742366;0.993696907058038;0.989465358052309;1.19564594386308;1.978832487929;1.96149001391435;1.97846732075043;1.98266150194565
0;0;0;0;0;0;0;0;0;0;0;0
0;0;0;0;0;0;0;0;0;0;0;0
0.990131167717175;0.998256021261017;1.01377960602447;1.02808718185937;1.03923737395563;1.04530612658663;1.08869679042452;1.23996121053924;2.01746343254842;2.02992990929306;2.04814644830756;2.05242215664027
0;0;0;0;0;0;0;0;0;0;0;0
0;0;0;0;0;0;0;0;0;0;0;0
0.990499024755241;0.999885459729313;1.01962957383331;1.0272920952806;1.03102692326609;1.03996891646158;1.0766469295444;1.22846561771489;2.0189596996771;2.03130286107693;2.05544457483171;2.05378992785575
0;0;0;0;0;0;0;0;0;0;0;0
0;0;0;0;0;0;0;0;0;0;0;0
0.977301488617872;0.9979683245383;1.01375855407041;1.02335353671545;1.03893260829176;1.0501061510223;1.06649583525152;1.22791440843481;2.00237509581493;2.02270257439831;2.03936759963569;2.05545570970693
0;0;0;0;0;0;0;0;0;0;0;0
0;0;0;0;0;0;0;0;0;0;0;0
0.980091747603951;0.971585889163987;0.984120775379265;0.987701124707609;0.98896113246821;0.993132446177955;0.996411907834328;1.19093853992881;1.97628052425063;1.96248721665161;1.98162453063106;1.97967806275457
0;0;0;0;0;0;0;0;0;0;0;0
0;0;0;0;0;0;0;0;0;0;0;0
0.99052627872418;0.998076017948869;1.02091418903214;1.03383194417066;1.03838645801222;1.05077446552227;1.0836029230145;1.24720846237992;2.02024164210842;2.02897436124061;2.05747546812822;2.06201751159426
0;0;0;0;0;0;0;0;0;0;0;0
0;0;0;0;0;0;0;0;0;0;0;0
0.988773615828523;0.976482403461968;0.955611403774341;0.946929893201051;0.937364832264335;0.924438561132554;0.909731228126591;1.14489823145602;1.93375467611971;1.91554697983669;1.90239559049399;1.8907256232079
0;0;0;0;0;0;0;0;0;0;0;0
0;0;0;0;0;0;0;0;0;0;0;0
0.992028435209852;0.978063871906811;0.962564435969533;0.950404320799913;0.921939055986558;0.906156899639724;0.889143471402823;1.12605287772473;1.92149945161479;1.92152675757859;1.90416619261317;1.88966370531144
0;0;0;0;0;0;0;0;0;0;0;0
0;0;0;0;0;0;0;0;0;0;0;0
0.991776884632144;0.993777596475645;0.994876398169941;0.989487410100989;0.983441882938747;0.979137491654318;0.980954962867585;1.18686918956875;1.96861922242459;1.97927978731482;1.98764393981564;1.97395052572741
0;0;0;0;0;0;0;0;0;0;0;0
0;0;0;0;0;0;0;0;0;0;0;0
0.988920989678914;0.982184243566699;0.979122827323888;0.960446892074388;0.955008914919751;0.949970830919855;0.960803723460622;1.15369003233324;1.94455168630503;1.94562973475692;1.9457155068062;1.92047277901542
0;0;0;0;0;0;0;0;0;0;0;0
0;0;0;0;0;0;0;0;0;0;0;0
0.989072655307675;0.983013699114157;0.974026975992979;0.963783324427847;0.955710551590635;0.950436954769508;0.949034277278212;1.15961032320791;1.95105760135518;1.94719601574754;1.93618238182281;1.928290591108
0;0;0;0;0;0;0;0;0;0;0;0
0;0;0;0;0;0;0;0;0;0;0;0
0.991419690575254;0.974872247327375;0.962094469232498;0.953208300185924;0.930603541246688;0.911158471180536;0.89863208286216;1.14373552882937;1.92689643031196;1.92141573265295;1.90202680480042;1.89938406539854
0;0;0;0;0;0;0;0;0;0;0;0
0;0;0;0;0;0;0;0;0;0;0;0
0.990864041505536;1.0011299965424;1.01217573949002;1.01453237411576;1.02030984504848;1.01842330405395;1.01554940809185;1.23273330202657;1.99869678615921;2.0068880979538;2.02953807289314;2.02794704258389
0;0;0;0;0;0;0;0;0;0;0;0
0;0;0;0;0;0;0;0;0;0;0;0
0.988267660054385;0.985157324427998;0.972355484204609;0.967321942156205;0.966162768149788;0.956279934864652;0.937269429880277;1.17414719945352;1.94847946828665;1.94668979509433;1.9386640461972;1.93254322132982
0;0;0;0;0;0;0;0;0;0;0;0
0;0;0;0;0;0;0;0;0;0;0;0
0.994081686071016;0.993673668430592;1.00568284716431;1.01255033801121;1.02430107886409;1.03294688694013;1.05373922176558;1.20748335380687;2.03297916312503;2.01549491364695;2.0232361846383;2.02782917391574
0;0;0;0;0;0;0;0;0;0;0;0
0;0;0;0;0;0;0;0;0;0;0;0
0.993115241273259;0.984065299286716;0.972342005417876;0.970925310884294;0.970078152454878;0.971076553136792;0.965889852159943;1.15502780703949;1.98090001913279;1.96674675930279;1.94547358196322;1.9466373518239
0;0;0;0;0;0;0;0;0;0;0;0
0;0;0;0;0;0;0;0;0;0;0;0
0.993623630138764;0.986155257936832;0.977276270420785;0.982720257735091;0.980668286834046;0.981589421341331;0.985888086340964;1.16208901856873;1.98414418799381;1.97105452517897;1.95496833079052;1.96309760724419
0;0;0;0;0;0;0;0;0;0;0;0
0;0;0;0;0;0;0;0;0;0;0;0
0.993160712301107;0.99453757965292;0.997202605262292;1.00085775984894;1.00783832966421;1.0184260751353;1.03226667231158;1.19088290778124;2.01039154084999;2.00675929135253;2.00550983570283;2.00774029621673
0;0;0;0;0;0;0;0;0;0;0;0
0;0;0;0;0;0;0;0;0;0;0;0
0.993349297834643;1.004102712725;1.02390259861212;1.0238147862752;1.04499808081509;1.06086239465586;1.07004364736422;1.22738798756769;2.03196839704975;2.04049554191872;2.05866636538654;2.05537684697518
0;0;0;0;0;0;0;0;0;0;0;0
0;0;0;0;0;0;0;0;0;0;0;0
0.99205366007112;0.984878630624982;0.976703253585188;0.97973139622762;0.97687104471422;0.978818818010254;0.971470180927827;1.17636591158425;1.9822975340504;1.9746883191731;1.9588595249611;1.96019585188183
0;0;0;0;0;0;0;0;0;0;0;0
0;0;0;0;0;0;0;0;0;0;0;0
0.99401431151539;0.982753750765454;0.982475003792268;0.977905026684912;0.974338430425926;0.975250269517432;0.985383020888254;1.16316995674888;1.98210568594075;1.9631977630296;1.96217242476281;1.95428788537732
0;0;0;0;0;0;0;0;0;0;0;0
0;0;0;0;0;0;0;0;0;0;0;0
0.995118112326036;1.01072196815957;1.02400244827678;1.03123411966109;1.05793891885689;1.09520970916464;1.10286223394703;1.24888363894684;2.0535071149008;2.06524261938246;2.07239085112584;2.07760894554476
0;0;0;0;0;0;0;0;0;0;0;0
0;0;0;0;0;0;0;0;0;0;0;0
0.989523665543925;0.992356040040495;1.0194692299019;1.02360829300392;1.05129375457402;1.06295701086236;1.09137425729912;1.25070699887973;2.02664072218786;2.03568749986026;2.05139198465441;2.05905341654783
0;0;0;0;0;0;0;0;0;0;0;0
0;0;0;0;0;0;0;0;0;0;0;0
0.978095619930544;0.999363983157277;1.00286250947154;1.01768641173399;1.05256756996286;1.06308321652067;1.06915464335414;1.21966331913957;2.02162894446634;2.01916311514163;2.03326869301461;2.04423538719172
0;0;0;0;0;0;0;0;0;0;0;0
0;0;0;0;0;0;0;0;0;0;0;0
0.979804952764741;0.972343449456419;0.975907326949477;0.994137376771236;0.990717234215556;0.998788485415547;0.992632635319813;1.19024890153023;1.98384803065777;1.96619901680157;1.97607535997171;1.97935385344156
0;0;0;0;0;0;0;0;0;0;0;0
0;0;0;0;0;0;0;0;0;0;0;0
0.990782984617866;0.992114196909535;1.02254593782782;1.02284097756117;1.02106434780061;1.05568844723812;1.07415786942991;1.22993727502233;2.02114026987158;2.02913344363294;2.05353492882337;2.04669128986168
0;0;0;0;0;0;0;0;0;0;0;0
0;0;0;0;0;0;0;0;0;0;0;0
0.990534561438002;0.997946925574137;1.02143432504686;1.0279190751346;1.04333949062233;1.06658157024903;1.09389239762373;1.22879197406278;2.02901003654341;2.03351963837687;2.05915610516122;2.06161849227553
0;0;0;0;0;0;0;0;0;0;0;0
0;0;0;0;0;0;0;0;0;0;0;0
0.97734249324077;0.997570646320724;1.01739403580427;1.01541711609887;1.03821924933681;1.07218076131636;1.07508854933747;1.22230358958584;2.01256632385423;2.02784206628999;2.04399612068221;2.04721828717053
0;0;0;0;0;0;0;0;0;0;0;0
0;0;0;0;0;0;0;0;0;0;0;0
0.980026896165843;0.971978150961418;0.982434231274825;0.98682284774403;0.973661247793622;0.999222510458343;1.01069261611986;1.18523021121129;1.97867137038766;1.97076069919678;1.9775227277123;1.9711320631856
0;0;0;0;0;0;0;0;0;0;0;0
0;0;0;0;0;0;0;0;0;0;0;0
0.990521508725149;0.999559658189616;1.02211748283995;1.0218797141145;1.03373458423301;1.05701877170812;1.08746404467157;1.22466864168065;2.02145996913814;2.03782964272664;2.05513973903369;2.04974078967266
0;0;0;0;0;0;0;0;0;0;0;0
0;0;0;0;0;0;0;0;0;0;0;0
0.988201248590995;0.985572228676095;0.973090125841191;0.965958101915687;0.964800850762301;0.962843461043617;0.953487079618491;1.15521368651528;1.95699214902967;1.95491926793258;1.94206475907244;1.92922773954111
0;0;0;0;0;0;0;0;0;0;0;0
0;0;0;0;0;0;0;0;0;0;0;0
0.991769817160075;0.973751470511944;0.957242708465173;0.942757632565688;0.934570698518839;0.923785459174624;0.902514622992796;1.13369046512199;1.94051370524243;1.92338845930049;1.89402336750427;1.88843723761025
0;0;0;0;0;0;0;0;0;0;0;0
0;0;0;0;0;0;0;0;0;0;0;0
0.990622750020954;1.00330592145485;1.00066054266479;1.01711517683041;1.02099112540398;1.03273912304206;1.04259737152321;1.22235844312075;2.00963177405241;2.01786356763225;2.01652019880164;2.03020830690668
0;0;0;0;0;0;0;0;0;0;0;0
0;0;0;0;0;0;0;0;0;0;0;0
0.987425745014023;0.978674169263923;0.965189313034034;0.966778903080542;0.966328925137009;0.961218909858645;0.944502625637949;1.17373806048239;1.96354738503615;1.94543260555319;1.92736369460965;1.93887196483503
0;0;0;0;0;0;0;0;0;0;0;0
0;0;0;0;0;0;0;0;0;0;0;0
0.988916157552635;0.98224192356069;0.978493974456052;0.959107173387337;0.95800279921545;0.948813094438646;0.955641314851025;1.14863899244976;1.94901116106764;1.94502600117109;1.94523026654491;1.92058384703509
0;0;0;0;0;0;0;0;0;0;0;0
0;0;0;0;0;0;0;0;0;0;0;0
0.992026348302532;0.978079734292061;0.962490216835744;0.950530757119053;0.917464295594789;0.897260192920927;0.898766622572669;1.11577128745071;1.92391864313687;1.92349860118917;1.90439425036355;1.88631178334828
0;0;0;0;0;0;0;0;0;0;0;0
0;0;0;0;0;0;0;0;0;0;0;0
0.991777767577168;0.993766652084898;0.994968709675975;0.989336039706389;0.982911263085131;0.989443697349192;1.01196062194247;1.18442029589921;1.96872844462897;1.97994138463736;1.9863542525507;1.97437010985348
0;0;0;0;0;0;0;0;0;0;0;0
0;0;0;0;0;0;0;0;0;0;0;0
0.98877511856972;0.976504868744324;0.955244403319129;0.947714248291979;0.934808007150185;0.920576482312531;0.924568414391216;1.12504184157108;1.937872324018;1.92096782261563;1.90303588911944;1.8934015954248
0;0;0;0;0;0;0;0;0;0;0;0
0;0;0;0;0;0;0;0;0;0;0;0
0.995345493534502;1.02299189669126;1.03637934504717;1.06826854211764;1.10154010731538;1.1338553155616;1.15834341870031;1.27664684635832;2.09457561242125;2.09764468949785;2.11660509423738;2.1442889959086
0;0;0;0;0;0;0;0;0;0;0;0
0;0;0;0;0;0;0;0;0;0;0;0
0.990219541232134;0.975534785998509;0.98110153331068;0.984426637684628;0.986978781712854;0.993630384799864;0.985302493040719;1.2045906491219;1.98238815509983;1.97914312555942;1.96418306728885;1.97693745569904
0;0;0;0;0;0;0;0;0;0;0;0
0;0;0;0;0;0;0;0;0;0;0;0
0.994779723609009;0.978083620029511;0.983184151350589;0.962939962711899;0.990560117389546;0.983860272156555;0.975154350067731;1.1666365347249;1.98974842828568;1.96158868892215;1.95784010723165;1.94654898837775
0;0;0;0;0;0;0;0;0;0;0;0
0;0;0;0;0;0;0;0;0;0;0;0
0.992271411543957;1.03100674461194;1.03917526741993;1.08355340002591;1.12211886939952;1.14632218475931;1.16247994019317;1.29941547782272;2.09519307832841;2.11384290050237;2.1304380323191;2.17201583494623
0;0;0;0;0;0;0;0;0;0;0;0
0;0;0;0;0;0;0;0;0;0;0;0
0.993132394905299;0.995162758430817;0.995304973551028;1.0001753752299;1.00613089526455;1.02016826058031;1.03059160868137;1.19128497443531;2.01222212967783;2.00788885632369;2.00388744148169;2.00286377703401
0;0;0;0;0;0;0;0;0;0;0;0
0;0;0;0;0;0;0;0;0;0;0;0
0.993219521171018;0.982683609829091;0.97240537992211;0.970468470806726;0.975081531868806;0.976405693462609;0.96488424124183;1.15763784095029;1.98083673085906;1.96874198882535;1.94299153703039;1.94805376305994
0;0;0;0;0;0;0;0;0;0;0;0
0;0;0;0;0;0;0;0;0;0;0;0
0.993493093221775;0.987265758764089;0.970266044553837;0.990633395149956;0.980688554694097;0.986824083703958;0.978240969655772;1.1641569200331;1.98986273118221;1.96804037971252;1.95593359379713;1.96801910107742
0;0;0;0;0;0;0;0;0;0;0;0
0;0;0;0;0;0;0;0;0;0;0;0
0.993981533014074;0.990348802253164;1.00172282202859;1.00930153557213;1.02121382431657;1.0358092478292;1.04889106985712;1.21812994099118;2.02742107519428;2.01363607432794;2.01862885946625;2.02422790422784
0;0;0;0;0;0;0;0;0;0;0;0
0;0;0;0;0;0;0;0;0;0;0;0
0.990112614317231;0.99828092138668;1.01397057388666;1.02835291796079;1.03859674595381;1.05963067845811;1.08216794408924;1.22854064198595;2.02041611412575;2.0305445554496;2.04628588191288;2.05826771390344
0;0;0;0;0;0;0;0;0;0;0;0
0;0;0;0;0;0;0;0;0;0;0;0
0.977573283605192;0.997969601506341;1.00648433182813;1.02143526707772;1.05592671532359;1.07440166864796;1.08283107963466;1.21447115167206;2.01230406994759;2.01614997076046;2.02993089011042;2.05907180419829
0;0;0;0;0;0;0;0;0;0;0;0
0;0;0;0;0;0;0;0;0;0;0;0
0.979987174690851;0.972380655908917;0.980278910814228;0.988906815042961;0.992190158195826;0.984743973232544;0.991627921948287;1.18755767009991;1.98665188948297;1.96674636073951;1.97940898658943;1.97917069249845
0;0;0;0;0;0;0;0;0;0;0;0
0;0;0;0;0;0;0;0;0;0;0;0
0.990623330562269;0.993296147893265;1.02100018101433;1.02782233335535;1.03851967799505;1.06617275336349;1.09642086142785;1.23653072548417;2.0259232860305;2.02704381505793;2.05452557721035;2.06026030540512
0;0;0;0;0;0;0;0;0;0;0;0
0;0;0;0;0;0;0;0;0;0;0;0
0.990634388079656;0.993291137663077;1.02084174531745;1.02836506060069;1.04544999008259;1.03651788828023;1.07092855389955;1.23897729770484;2.02818462016694;2.02616305031667;2.05722776227406;2.05974653905473
0;0;0;0;0;0;0;0;0;0;0;0
0;0;0;0;0;0;0;0;0;0;0;0
0.977488416876612;0.99775823445544;1.00700224700288;1.01885419985312;1.0402998604174;1.06099064044331;1.07479419943292;1.22756828957614;2.00941199601512;2.0175003246852;2.03530100452036;2.04539489339134
0;0;0;0;0;0;0;0;0;0;0;0
0;0;0;0;0;0;0;0;0;0;0;0
0.980037950310975;0.971830832500306;0.982727737160653;0.990821874683175;0.991929964579651;0.983894228065418;0.991815589378396;1.19972369954175;1.9767128803833;1.96250998848259;1.97815668729309;1.98075646070013
0;0;0;0;0;0;0;0;0;0;0;0
0;0;0;0;0;0;0;0;0;0;0;0
0.990403967370314;1.0001765451693;1.02117625836273;1.02236466889835;1.03599400536686;1.05136240596995;1.08112705357567;1.24338577401641;2.01846911332597;2.03175301052556;2.05649385063142;2.0480832965516
0;0;0;0;0;0;0;0;0;0;0;0
0;0;0;0;0;0;0;0;0;0;0;0
0.988259830315037;0.985700063949457;0.973813837838429;0.971434690919462;0.956765485575053;0.960103363440253;0.962144836590074;1.1630194349421;1.96006512785707;1.95489185682364;1.94439213140537;1.93553291714197
0;0;0;0;0;0;0;0;0;0;0;0
0;0;0;0;0;0;0;0;0;0;0;0
0.991441756734276;0.97457702246145;0.960605812547261;0.945998453507195;0.931665396056556;0.917787749348728;0.901034726236515;1.13130235417284;1.93576866952674;1.92188377462276;1.90304819968844;1.88594445398671
0;0;0;0;0;0;0;0;0;0;0;0
0;0;0;0;0;0;0;0;0;0;0;0
0.990894824311279;1.00080335174032;1.01856014745287;0.998524758941843;1.0208363647717;1.03921497560699;1.04163183871901;1.21945025543211;2.00788848782295;2.02008242026366;2.03030964838031;2.0119470775628
0;0;0;0;0;0;0;0;0;0;0;0
0;0;0;0;0;0;0;0;0;0;0;0
0.989076954123859;0.982976552945302;0.974249152209543;0.9644596212393;0.947410644700583;0.952512382129265;0.955909275174298;1.1536365472791;1.95490399438989;1.95099796347795;1.93883795526484;1.92317598110725
0;0;0;0;0;0;0;0;0;0;0;0
0;0;0;0;0;0;0;0;0;0;0;0
0.989109675424773;0.982629763665407;0.97273951502904;0.960307983605918;0.958932437282963;0.959253059647217;0.921373710632097;1.16693426698575;1.9500829939222;1.94347281331961;1.93499640747779;1.9215414342546
0;0;0;0;0;0;0;0;0;0;0;0
0;0;0;0;0;0;0;0;0;0;0;0
0.991413679309544;0.974762243496204;0.962175953183785;0.953642090515041;0.928293026895231;0.911915399365896;0.902856517264126;1.141148606149;1.9279717075539;1.92148475066171;1.90279298883073;1.89741058456084
0;0;0;0;0;0;0;0;0;0;0;0
0;0;0;0;0;0;0;0;0;0;0;0
0.990864475009466;1.00114405386793;1.01206315228764;1.01436533044644;1.01961791139068;1.02133441617438;1.02372741285222;1.22971189767452;1.99927144702977;2.00755320992793;2.02830823663468;2.0286187905008
0;0;0;0;0;0;0;0;0;0;0;0
0;0;0;0;0;0;0;0;0;0;0;0
0.988257971168538;0.985766529762021;0.973598169084201;0.970510445958015;0.9674046045516;0.956093003814633;0.960160880774079;1.16260187023064;1.95591343883864;1.95287991150315;1.93974937455565;1.94251097557521
0;0;0;0;0;0;0;0;0;0;0;0
0;0;0;0;0;0;0;0;0;0;0;0
0.99315873912673;0.994343551676516;0.998334127808146;1.00002379973331;1.01428912868476;1.01965674741673;0.98531135232527;1.2127548799228;2.00324627493811;1.9993134418395;2.00935969774371;2.00633071157711
0;0;0;0;0;0;0;0;0;0;0;0
0;0;0;0;0;0;0;0;0;0;0;0
0.993044909841534;0.984292297942511;0.972749057979905;0.975467697809039;0.969043573061481;0.970845585195693;0.947357876766215;1.1684906751601;1.97086024920436;1.96455334896441;1.94841791949364;1.94921570664179
0;0;0;0;0;0;0;0;0;0;0;0
0;0;0;0;0;0;0;0;0;0;0;0
0.99364642934095;0.986002042669522;0.97828055602803;0.980398640903087;0.98057314336356;0.988498427370839;0.987292641706708;1.17993246611643;1.971155821286;1.96652692187492;1.95605475162716;1.95887808082257
0;0;0;0;0;0;0;0;0;0;0;0
0;0;0;0;0;0;0;0;0;0;0;0
0.994343247733208;0.99324616572761;1.00630985828888;1.01386827983066;1.01709909161261;1.02277613672536;1.01917544322586;1.21882029690915;2.01120739008072;2.00572141744907;2.02545291019531;2.02891979174373
0;0;0;0;0;0;0;0;0;0;0;0
0;0;0;0;0;0;0;0;0;0;0;0
0.995236116824148;1.01179974487455;1.02505748917978;1.0374458860606;1.06042901831641;1.06661539972361;1.09395030271428;1.2462841361424;2.04659999406507;2.05935834025453;2.07839762714494;2.08637416670483
0;0;0;0;0;0;0;0;0;0;0;0
0;0;0;0;0;0;0;0;0;0;0;0
0.991977636174396;0.984813733963745;0.977350675293322;0.983643057103996;0.978254354491557;0.970592707070688;0.980829816963275;1.17736281401001;1.97090479568537;1.9714417674087;1.95876346954845;1.97022170670389
0;0;0;0;0;0;0;0;0;0;0;0
0;0;0;0;0;0;0;0;0;0;0;0
0.994027494690972;0.982653745268547;0.983063511878528;0.97737659441911;0.979025138220031;0.956803567693893;0.963452892789111;1.16448242887025;1.97858952433359;1.96307590201394;1.96475288041662;1.95850126966977
0;0;0;0;0;0;0;0;0;0;0;0
0;0;0;0;0;0;0;0;0;0;0;0
0.993417285362154;1.00433228406746;1.02316084988156;1.02612958768597;1.04317438522871;1.04576358286913;1.0885565927481;1.22482284964436;2.03461912360752;2.04126743676139;2.05984748054951;2.05754380265226
0;0;0;0;0;0;0;0;0;0;0;0
0;0;0;0;0;0;0;0;0;0;0;0
0.990824596203201;0.991895739218996;1.02503223809851;1.01590078127712;1.03912835270555;1.06163685077863;1.07907983506751;1.23637003514609;2.02404317774908;2.02784152283067;2.05439345412649;2.04663708158682
0;0;0;0;0;0;0;0;0;0;0;0
0;0;0;0;0;0;0;0;0;0;0;0
0.977447691081722;0.998025692166351;1.01084413884115;1.0164925046106;1.04020038232481;1.07464064340351;1.07190238563923;1.22172916059952;2.01779925548101;2.01926184551755;2.04172971162624;2.04657757184878
0;0;0;0;0;0;0;0;0;0;0;0
0;0;0;0;0;0;0;0;0;0;0;0
0.98001079233129;0.971735854963767;0.982720898708862;0.990192874738236;0.97748063544219;0.99609295115;0.999408033092035;1.18935531018906;1.97488343919372;1.96941308404578;1.97607450273864;1.97659390913327
0;0;0;0;0;0;0;0;0;0;0;0
0;0;0;0;0;0;0;0;0;0;0;0
0.990414821293513;1.00017160084914;1.0211384854423;1.01891360045912;1.03837769455666;1.05985628755899;1.08026472598285;1.22800505268722;2.02063692817313;2.03877548909355;2.05389942143897;2.04737209515723
0;0;0;0;0;0;0;0;0;0;0;0
0;0;0;0;0;0;0;0;0;0;0;0
0.990243677692719;0.99127207013621;1.02215778000163;1.03168970448023;1.04749262577454;1.05575378987034;1.08691076559945;1.24916759015853;2.02768472687332;2.03267973325673;2.05738410309689;2.06942992730995
0;0;0;0;0;0;0;0;0;0;0;0
0;0;0;0;0;0;0;0;0;0;0;0
0.97826627733959;0.995100112092076;1.00517483315097;1.01302309242864;1.04786996772229;1.05503875584813;1.06557696630552;1.22080105516403;2.01534856054002;2.01004071719712;2.03310629378125;2.03816050424669
0;0;0;0;0;0;0;0;0;0;0;0
0;0;0;0;0;0;0;0;0;0;0;0
0.979858428774923;0.972477537598098;0.976289833434217;0.991785524674929;0.991916658725694;1.00100443086209;0.993802203623829;1.19187247577433;1.98349739688905;1.96829676948151;1.97416105917444;1.9792582294296
0;0;0;0;0;0;0;0;0;0;0;0
0;0;0;0;0;0;0;0;0;0;0;0
0.990365017567298;0.998840962111753;1.01834895843974;1.03609910986111;1.0278517367897;1.06198648819746;1.09014016313802;1.23757646720639;2.02454753827982;2.0387062160221;2.05696396739273;2.06008562869249
0;0;0;0;0;0;0;0;0;0;0;0
0;0;0;0;0;0;0;0;0;0;0;0
0.989113899993271;0.982590038827757;0.972437893427018;0.960901482955477;0.960399500452544;0.945619443735788;0.943022605264181;1.14749686083485;1.95441587669268;1.94530070901539;1.93528414921903;1.92388946359673
0;0;0;0;0;0;0;0;0;0;0;0
0;0;0;0;0;0;0;0;0;0;0;0
0.991391137495694;0.975048645882983;0.963001844232513;0.956959095214731;0.924211897377084;0.903272815314406;0.916821244839473;1.13471234007624;1.93043791290711;1.92214202506468;1.90398536663403;1.89677888945942
0;0;0;0;0;0;0;0;0;0;0;0
0;0;0;0;0;0;0;0;0;0;0;0
0.990854395282433;1.0010351640616;1.01297206382517;1.01526529456222;1.01936255688971;1.03393300207082;1.05952003271105;1.22470417119253;2.00264248178649;2.01050742767822;2.02862653389607;2.03081404554745
0;0;0;0;0;0;0;0;0;0;0;0
0;0;0;0;0;0;0;0;0;0;0;0
0.988277391924935;0.985070430523319;0.971718453239202;0.965551785910365;0.966242845927877;0.95179639351264;0.948549541713366;1.1556774134185;1.95708380263683;1.94814477162183;1.9371183414396;1.93282640911249
0;0;0;0;0;0;0;0;0;0;0;0
0;0;0;0;0;0;0;0;0;0;0;0
0.985749486396084;0.993836511001089;0.991859587458998;0.996087948606547;1.01128431685107;1.01116204215769;1.02242282465245;1.20217469876467;1.98848636677825;1.99436400150978;1.98853783324406;2.00092387492165
0;0;0;0;0;0;0;0;0;0;0;0
0;0;0;0;0;0;0;0;0;0;0;0
0.991448576209149;0.972148082277429;0.95951734311874;0.942249380479955;0.931404550870905;0.917686918093447;0.899933411001336;1.13201881891321;1.93245747352722;1.92198283624186;1.89521660152505;1.8841259837981
0;0;0;0;0;0;0;0;0;0;0;0
0;0;0;0;0;0;0;0;0;0;0;0
0.988984958092382;0.978017998789736;0.952436272908935;0.94407597572066;0.934592810802932;0.932952552694847;0.905830433492021;1.13429358861534;1.94158444094601;1.9222403050856;1.90019336240999;1.88376615987605
0;0;0;0;0;0;0;0;0;0;0;0
0;0;0;0;0;0;0;0;0;0;0;0
0.991260489079456;0.996644255392925;0.995156944974901;1.0026527006638;1.00519692815939;1.01877886985755;1.02289407451229;1.19997930732768;2.00192865141709;1.99835169877594;1.99919979139031;1.99901711846431
0;0;0;0;0;0;0;0;0;0;0;0
0;0;0;0;0;0;0;0;0;0;0;0
0.993161078854364;0.994328847633936;0.997873897037023;1.00041044628479;1.00055929911213;1.02410898464178;1.03312087576247;1.19461590629607;2.00852450983498;2.00523566897554;2.00829615261086;1.99920565480349
0;0;0;0;0;0;0;0;0;0;0;0
0;0;0;0;0;0;0;0;0;0;0;0
0.99297599802212;0.984320342233795;0.977905354318612;0.967325286791621;0.971795502549466;0.971746870552731;0.951978083473944;1.15788982082809;1.97559277978394;1.9701168106419;1.95570000642855;1.93904626839726
0;0;0;0;0;0;0;0;0;0;0;0
0;0;0;0;0;0;0;0;0;0;0;0
0.993669102212451;0.986118485329422;0.972242150888214;0.983481447291199;0.974558935471543;0.982588043828367;0.981187549796218;1.16768313851873;1.9791654627909;1.96940606696219;1.95360746079102;1.95965394026711
0;0;0;0;0;0;0;0;0;0;0;0
0;0;0;0;0;0;0;0;0;0;0;0
0.994581221005796;0.993321668578024;1.00297270421671;1.00199703038692;1.0076314373905;1.03533904339032;1.0536150084193;1.1989898459803;2.0193916141679;2.01493028737182;2.01244000989895;2.01186372138355
0;0;0;0;0;0;0;0;0;0;0;0
0;0;0;0;0;0;0;0;0;0;0;0
0.99487176300473;1.0197815017052;1.00898189513542;1.04551244987966;1.06795270589705;1.07674850176195;1.10175355052936;1.24271388963746;2.05755453560398;2.06953226640328;2.06359924855478;2.0909653174764
0;0;0;0;0;0;0;0;0;0;0;0
0;0;0;0;0;0;0;0;0;0;0;0
0.992190249709702;0.974659217131472;0.981589585927722;0.97247450014289;0.978762002342252;0.975752416689295;0.968770269547739;1.17483660425902;1.97595368803594;1.96512555317864;1.95936098475776;1.95953426553077
0;0;0;0;0;0;0;0;0;0;0;0
0;0;0;0;0;0;0;0;0;0;0;0
0.994020095807104;0.984286962330606;0.979453248805692;0.973570605625889;0.994466544649702;0.983675621195907;0.977732331693992;1.16579272209444;1.9917663640786;1.96720976329011;1.95800696873891;1.95878215176478
0;0;0;0;0;0;0;0;0;0;0;0
0;0;0;0;0;0;0;0;0;0;0;0
0.992427099762251;1.00931331876964;1.01107432457529;1.04948802563831;1.05919870240901;1.07367952405617;1.09600848879402;1.25659408103502;2.05361793040318;2.05015278154216;2.0574906981073;2.09997646453626
0;0;0;0;0;0;0;0;0;0;0;0
0;0;0;0;0;0;0;0;0;0;0;0
0.990399112466093;1.00036992830246;1.01916737426438;1.02871249344721;1.0382065486868;1.04010285953309;1.09017541032918;1.22962720166754;2.02412075586614;2.03613152586568;2.05662939207156;2.05470579986939
0;0;0;0;0;0;0;0;0;0;0;0
0;0;0;0;0;0;0;0;0;0;0;0
0.977473802595721;0.99792466516668;1.00595152765916;1.02415666653624;1.04319935186401;1.05742435170855;1.07819091582315;1.22413010868617;2.00779597025278;2.01484649854001;2.02940296405746;2.05233747333639
0;0;0;0;0;0;0;0;0;0;0;0
0;0;0;0;0;0;0;0;0;0;0;0
0.98005111675377;0.971689252668253;0.982714652578581;0.989493495436037;0.992163169697619;0.981822437355312;0.984109772099808;1.1939385407127;1.98204825250271;1.96022025552158;1.98191943702609;1.98080591623501
0;0;0;0;0;0;0;0;0;0;0;0
0;0;0;0;0;0;0;0;0;0;0;0
0.990631927453895;0.993321832313413;1.02087083015364;1.02875789091818;1.04289805164426;1.05605717320191;1.07009080114798;1.25692200738837;2.02055517016182;2.02059429904244;2.05546410711068;2.06084428603601
0;0;0;0;0;0;0;0;0;0;0;0
0;0;0;0;0;0;0;0;0;0;0;0
0.990632055555282;0.993316951201672;1.02090421799485;1.02868091839032;1.04506750455357;1.05764747732669;1.08797810750616;1.25898750716111;2.01843039515449;2.02093634168756;2.05593260399772;2.05963536787824
0;0;0;0;0;0;0;0;0;0;0;0
0;0;0;0;0;0;0;0;0;0;0;0
0.977473686614837;0.997925894996073;1.00595653160271;1.02414540283099;1.04261773608216;1.0554696085685;1.07826631937132;1.23087875984419;2.00138552237518;2.01625392941146;2.02965967804692;2.05123564749958
0;0;0;0;0;0;0;0;0;0;0;0
0;0;0;0;0;0;0;0;0;0;0;0
0.980051075843701;0.971689444428303;0.982726925054883;0.989350838827088;0.992786897590699;0.98178565540293;0.992260807402201;1.19444239176207;1.97836498255972;1.96149614397836;1.98031947597068;1.9802573713839
0;0;0;0;0;0;0;0;0;0;0;0
0;0;0;0;0;0;0;0;0;0;0;0
0.990399446012149;1.00037282182013;1.01910426311859;1.02888355346822;1.03754796547785;1.04097292206102;1.06858339686287;1.22986795682784;2.01874222196669;2.03369398085184;2.05581936646677;2.05548523914272
0;0;0;0;0;0;0;0;0;0;0;0
0;0;0;0;0;0;0;0;0;0;0;0
0.990864179636178;1.00115008971208;1.0119672227185;1.01461623425324;1.01998701458908;1.0201190588557;1.00985070819444;1.23391114981766;1.99720964732732;2.00857518576111;2.02893305998231;2.02858536605014
0;0;0;0;0;0;0;0;0;0;0;0
0;0;0;0;0;0;0;0;0;0;0;0
0.991414708953001;0.974745908987502;0.962226338529269;0.953145393020905;0.931471206898697;0.913492781919868;0.899508452813079;1.14530551545528;1.92548022264151;1.92052120392056;1.90143699451019;1.89886807483757
0;0;0;0;0;0;0;0;0;0;0;0
0;0;0;0;0;0;0;0;0;0;0;0
0.989108777668572;0.982657400669998;0.972945057615931;0.961035867630501;0.950969860740685;0.948971283685106;0.954591150576359;1.15566299011915;1.94927106082203;1.94590688759599;1.93359619153569;1.92189134907122
0;0;0;0;0;0;0;0;0;0;0;0
0;0;0;0;0;0;0;0;0;0;0;0
0.988258318142954;0.985744110839939;0.973716765752208;0.970361114242429;0.969765189464136;0.958742389657131;0.922729747867143;1.18160678105742;1.95005950561837;1.95060373137902;1.94181223742123;1.94175141664983
0;0;0;0;0;0;0;0;0;0;0;0
0;0;0;0;0;0;0;0;0;0;0;0
0.988257614575329;0.985753253058885;0.97368704867396;0.970362003599501;0.967951998652152;0.959665047446092;0.924207431237884;1.18200157010088;1.95097922299431;1.94989994086604;1.94152974458093;1.94166488875477
0;0;0;0;0;0;0;0;0;0;0;0
0;0;0;0;0;0;0;0;0;0;0;0
0.991414754720936;0.974747484688291;0.962222079143091;0.953161457736101;0.931203575350262;0.91206625518479;0.891990042860632;1.145785421538;1.9247446867864;1.91688872802857;1.90656601494554;1.89771418052219
0;0;0;0;0;0;0;0;0;0;0;0
0;0;0;0;0;0;0;0;0;0;0;0
0.989109398858469;0.98264558483806;0.972972585529198;0.960979557895093;0.954190512422525;0.949311375351816;0.941140856625839;1.15542475527486;1.94435481011621;1.94553972157467;1.93654019067409;1.92342221956024
0;0;0;0;0;0;0;0;0;0;0;0
0;0;0;0;0;0;0;0;0;0;0;0
0.990864249587807;1.00114978001917;1.01201772746081;1.01455066667861;1.01979293853081;1.01811429828499;1.02739020003947;1.23667593855811;1.99456151710649;2.00408337191719;2.03091656336589;2.0243174332408
0;0;0;0;0;0;0;0;0;0;0;0
0;0;0;0;0;0;0;0;0;0;0;0
0.99318450364801;0.993535980616853;1.00102233623048;0.99662830241678;1.00748047576857;1.02366354644489;1.04957001002503;1.18801986014051;2.01228732953876;2.00360611554074;2.01066615544614;2.00154038890064
0;0;0;0;0;0;0;0;0;0;0;0
0;0;0;0;0;0;0;0;0;0;0;0
0.992894256969067;0.985926052610228;0.973059243233435;0.977867573405236;0.958092536339605;0.960018050630445;0.971863068885822;1.14536449601963;1.97950357760187;1.97114744489078;1.94961758751193;1.9462176328889
0;0;0;0;0;0;0;0;0;0;0;0
0;0;0;0;0;0;0;0;0;0;0;0
0.993715558168927;0.985623175290004;0.981970790305857;0.977500994984133;0.973769115671193;0.9834500528982;0.991881683899884;1.15433004314763;1.98372503381385;1.97141295369283;1.96019500480355;1.95709965510384
0;0;0;0;0;0;0;0;0;0;0;0
0;0;0;0;0;0;0;0;0;0;0;0
0.994821783397139;0.997135293229682;1.00650929782325;0.996669216085206;1.01897702128347;1.03299343024304;1.0517328412437;1.18473619773125;2.02658487585139;2.02128579456749;2.015986556328;2.01041670897345
0;0;0;0;0;0;0;0;0;0;0;0
0;0;0;0;0;0;0;0;0;0;0;0
0.994822589132264;0.997193879613782;1.00579934477444;0.993745489064905;1.02049521160686;1.03876700083637;1.03860257378949;1.19178801288927;2.02157145083323;2.02205538817705;2.01772815502043;2.00604699245676
0;0;0;0;0;0;0;0;0;0;0;0
0;0;0;0;0;0;0;0;0;0;0;0
0.992894251299406;0.985916767409851;0.97304897445656;0.978921454178163;0.956815384249236;0.963679800688032;0.969161409611392;1.14862760575172;1.97605808017359;1.97026110142566;1.94957543657797;1.94359153928348
0;0;0;0;0;0;0;0;0;0;0;0
0;0;0;0;0;0;0;0;0;0;0;0
0.99371534898099;0.985626274902518;0.981996145581909;0.97706019788907;0.973994124347588;0.985063625790543;0.989812199119628;1.15448456851248;1.98462826290135;1.96998417222716;1.96076147536612;1.95863854116705
0;0;0;0;0;0;0;0;0;0;0;0
0;0;0;0;0;0;0;0;0;0;0;0
0.993186255863811;0.993539562352235;1.00089836576912;0.99697487028402;1.01258956323818;1.02275424872871;1.02809317832796;1.19170303840391;2.00666590681775;2.00165800293843;2.00997773085321;2.00173609480376
0;0;0;0;0;0;0;0;0;0;0;0
0;0;0;0;0;0;0;0;0;0;0;0
0.991213942572565;1.00451010432758;1.02102356061348;1.03475559324178;1.05516673172718;1.06617709165809;1.07847720739983;1.2640990946036;2.01887205619014;2.03841720818324;2.06080711836938;2.07820142761002
0;0;0;0;0;0;0;0;0;0;0;0
0;0;0;0;0;0;0;0;0;0;0;0
0.988361288527272;0.975482413927725;0.97408020616526;0.971649940801424;0.956782148269715;0.945779590434944;0.932308487364251;1.1725420521883;1.93976007013235;1.93713018562034;1.93684544793656;1.93417926282637
0;0;0;0;0;0;0;0;0;0;0;0
0;0;0;0;0;0;0;0;0;0;0;0
0.992328326375357;1.00545113068531;1.01691496699344;1.0329237856073;1.05634439330171;1.07171727663491;1.08338444822054;1.25813270053356;2.02875507098173;2.04180506018119;2.05727632867555;2.07266858103575
0;0;0;0;0;0;0;0;0;0;0;0
0;0;0;0;0;0;0;0;0;0;0;0
0.994132047062433;0.97094992609804;0.965020543836708;0.951871037118621;0.947390836760887;0.941500735777008;0.944472571459135;1.13825251131231;1.96869064133858;1.92295676025705;1.9207101940247;1.90282550791074
0;0;0;0;0;0;0;0;0;0;0;0
0;0;0;0;0;0;0;0;0;0;0;0
0.990858852272557;1.01574366072076;1.03231614244975;1.06005544612091;1.08559289025075;1.10317313443392;1.11550094596501;1.29401526822579;2.04625570679997;2.06873448078205;2.09469324062056;2.12584463095929
0;0;0;0;0;0;0;0;0;0;0;0
0;0;0;0;0;0;0;0;0;0;0;0
0.987050051323664;0.969216800464202;0.979222670043224;0.982029869402518;0.968208739608605;0.956980056244934;0.954152697184427;1.1969652969656;1.94937653977501;1.93632421583749;1.94432327422835;1.95609940383886
0;0;0;0;0;0;0;0;0;0;0;0
0;0;0;0;0;0;0;0;0;0;0;0
0.992216670024168;0.991164273840584;0.999698526497477;1.00793804687214;1.02310624267269;1.02331842297916;1.03310992156988;1.21936933421907;2.02472840732486;1.98779107803669;2.01151057658329;2.02036043309713
0;0;0;0;0;0;0;0;0;0;0;0
0;0;0;0;0;0;0;0;0;0;0;0
0.992109235457849;1.01456728972316;1.02791386603966;1.05513172570768;1.08069523276237;1.10023192637833;1.11437053870117;1.28277398021907;2.0494712591697;2.06964537905703;2.08564515118755;2.11865373217939
0;0;0;0;0;0;0;0;0;0;0;0
0;0;0;0;0;0;0;0;0;0;0;0
0.972670246649358;0.934880936129032;0.921741233537902;0.896927848753666;0.855406124371292;0.824546503131206;0.807069421804991;1.09096618911937;1.8427323040334;1.80361855742085;1.80523102449083;1.77961893629385
0;0;0;0;0;0;0;0;0;0;0;0
0;0;0;0;0;0;0;0;0;0;0;0
0.965688164465557;0.969529552061954;0.978929055851862;0.970678898321513;0.961263197491455;0.95029229284956;0.943153391984698;1.18720910154233;1.88666992319379;1.91831143932037;1.93712813408879;1.92936123318209
0;0;0;0;0;0;0;0;0;0;0;0
0;0;0;0;0;0;0;0;0;0;0;0
0.981372126636655;0.979121039200781;0.976022246668806;0.972690181634052;0.96658063946961;0.954298451954804;0.958001618277889;1.1809093059708;1.94536935416144;1.94605105665984;1.94091611206935;1.94349394661561
0;0;0;0;0;0;0;0;0;0;0;0
0;0;0;0;0;0;0;0;0;0;0;0
0.950928336874505;0.919554244090895;0.900985014476874;0.855594544409277;0.813404271879149;0.769882583890415;0.739487704523525;1.05300250028236;1.75489809721425;1.75153156153105;1.74224518683024;1.69291636259069
0;0;0;0;0;0;0;0;0;0;0;0
0;0;0;0;0;0;0;0;0;0;0;0
0.950788155450084;0.91635064067759;0.896769149405336;0.856939185689198;0.81840865137485;0.761823081198564;0.727179279483745;1.05097477604844;1.75803756667151;1.74466891792215;1.73841086950109;1.69484842028399
0;0;0;0;0;0;0;0;0;0;0;0
0;0;0;0;0;0;0;0;0;0;0;0
0.965933299569389;0.973430811783986;0.971609342157883;0.970925737921582;0.956993949697219;0.952557487650147;0.941675737677123;1.18244112080726;1.89018505152726;1.91979232410992;1.92975038023483;1.92459375755536
0;0;0;0;0;0;0;0;0;0;0;0
0;0;0;0;0;0;0;0;0;0;0;0
0.983283553426131;0.960752955068783;0.959373985926444;0.943438020463168;0.930795527143693;0.924937801909064;0.905814793213327;1.15421001488636;1.92171251780828;1.90130128159118;1.89540194093438;1.88405471971302
0;0;0;0;0;0;0;0;0;0;0;0
0;0;0;0;0;0;0;0;0;0;0;0
0.973667071266384;0.92493617224079;0.911019455427605;0.874464698721529;0.843066515901149;0.80097680333058;0.766683951343235;1.08255801521247;1.82681957891821;1.78013529490715;1.7742887698943;1.74099364364955
0;0;0;0;0;0;0;0;0;0;0;0
0;0;0;0;0;0;0;0;0;0;0;0
0.990597717137455;0.993201450186366;1.02154302466262;1.02585831828709;1.0349064192158;1.06270710143299;1.07592399713678;1.23838411976226;2.02600806822927;2.02907994942607;2.05653675106613;2.05468885258842
0;0;0;0;0;0;0;0;0;0;0;0
0;0;0;0;0;0;0;0;0;0;0;0
0.977956852667177;0.999704398912232;1.00206559174328;1.02027181272211;1.04491506605947;1.0644896893595;1.07192332502886;1.22060935311723;2.01735799998939;2.02076034325124;2.03217080006429;2.04521712377594
0;0;0;0;0;0;0;0;0;0;0;0
0;0;0;0;0;0;0;0;0;0;0;0
0.979938391149316;0.971768695747936;0.979644870073012;0.986444128781185;0.991657676155534;1.00135463175224;0.995049238752695;1.18938333056476;1.98265324223678;1.9704610226098;1.97514580254819;1.9744818170417
0;0;0;0;0;0;0;0;0;0;0;0
0;0;0;0;0;0;0;0;0;0;0;0
0.990363454859915;0.998998903765977;1.01630876115334;1.03022780553078;1.05304550678441;1.06252345553787;1.09551608366697;1.23893637050065;2.03874705179125;2.03981246954145;2.05627339729924;2.06657940603697
0;0;0;0;0;0;0;0;0;0;0;0
0;0;0;0;0;0;0;0;0;0;0;0
0.990414055610835;1.00019455304665;1.02095175669744;1.0220505074746;1.03651112097451;1.04690084774331;1.07477153939029;1.22591458519441;2.01995547449633;2.03816597722893;2.05571501567581;2.04979936216429
0;0;0;0;0;0;0;0;0;0;0;0
0;0;0;0;0;0;0;0;0;0;0;0
0.97748895502104;0.997779247823588;1.00700811478474;1.01868290911805;1.04590695783992;1.06547087287715;1.0688825489417;1.22332114906038;2.01540569057337;2.0151298757685;2.0362250483174;2.04765390461797
0;0;0;0;0;0;0;0;0;0;0;0
0;0;0;0;0;0;0;0;0;0;0;0
0.980017556594758;0.971779550201989;0.984482437972513;0.982139604421335;0.987158738678556;1.00514284491104;1.01009940181506;1.18535793777432;1.98032029380171;1.97135639665545;1.97903983260538;1.97230244092303
0;0;0;0;0;0;0;0;0;0;0;0
0;0;0;0;0;0;0;0;0;0;0;0
0.990638575477379;0.993189619751704;1.0211139563259;1.02663586289572;1.04748187219453;1.05504605709897;1.08794186199457;1.24077196407991;2.02436548107465;2.02681859832817;2.05792235517042;2.05716455906213
0;0;0;0;0;0;0;0;0;0;0;0
0;0;0;0;0;0;0;0;0;0;0;0
0.987068774099998;0.973848099666259;0.96492317559313;0.959969655489423;0.96056645095923;0.958684292426633;0.945297569462583;1.16556518314218;1.95664086114157;1.93879134564475;1.92364934134711;1.92520506080621
0;0;0;0;0;0;0;0;0;0;0;0
0;0;0;0;0;0;0;0;0;0;0;0
0.991831146489163;0.974079392950997;0.957410110760898;0.945014148701801;0.933428055770609;0.922518755504503;0.902529694312068;1.13408652536366;1.93961657761428;1.92307109767942;1.89622725577231;1.88936346038515
0;0;0;0;0;0;0;0;0;0;0;0
0;0;0;0;0;0;0;0;0;0;0;0
0.990609410565309;1.00286930860714;1.00196014921129;1.0156112404384;1.02023775839731;1.0329007166296;1.04222985132053;1.22285477976048;2.01045384420646;2.01652281492029;2.01854403325899;2.0281700297771
0;0;0;0;0;0;0;0;0;0;0;0
0;0;0;0;0;0;0;0;0;0;0;0
0.988181303849869;0.986106376935424;0.974762246430209;0.966832306865343;0.968757443708314;0.965793108156731;0.950706832196341;1.16108153956153;1.9596607877477;1.95832981443507;1.9432365136717;1.93550832576917
0;0;0;0;0;0;0;0;0;0;0;0
0;0;0;0;0;0;0;0;0;0;0;0
0.988260397551818;0.985769626002276;0.973446879287122;0.971097561751697;0.96156641238006;0.957454126440671;0.955443976319136;1.16253851502617;1.95732722117786;1.95503762699052;1.9422453502373;1.939861051812
0;0;0;0;0;0;0;0;0;0;0;0
0;0;0;0;0;0;0;0;0;0;0;0
0.991413416857047;0.974758493663419;0.962202844964112;0.953540118169044;0.925862282815931;0.913928771668903;0.90644349415724;1.13727834807853;1.92564373325442;1.91997294922763;1.90689366247229;1.8962544793313
0;0;0;0;0;0;0;0;0;0;0;0
0;0;0;0;0;0;0;0;0;0;0;0
0.990864701833804;1.00114299919487;1.01206346405861;1.01430760221322;1.02134345702599;1.01819669218626;1.04145243570232;1.22598057629458;2.00020609009481;2.00693326970256;2.03150677697469;2.02798867713416
0;0;0;0;0;0;0;0;0;0;0;0
0;0;0;0;0;0;0;0;0;0;0;0
0.989106770010733;0.982648371005878;0.972701730127449;0.960649774903237;0.955507852103836;0.949974866476143;0.942786900810057;1.15175883774285;1.94834275818589;1.9457611049716;1.93675434408043;1.92107266116165
0;0;0;0;0;0;0;0;0;0;0;0
0;0;0;0;0;0;0;0;0;0;0;0
0.990988484670113;0.996003258297777;1.01344630775222;1.03075387783869;1.04670801174224;1.06213642130527;1.07510232103071;1.24260901906865;2.0366134992133;2.02964951120552;2.05030645685237;2.06479002097307
0;0;0;0;0;0;0;0;0;0;0;0
0;0;0;0;0;0;0;0;0;0;0;0
0.992575804129917;0.978341512525015;0.97987684919088;0.974617011689411;0.974373815769589;0.977428639000013;0.97948362739103;1.17043766529281;1.98377959739731;1.97074308702943;1.95780047547583;1.95576890745602
0;0;0;0;0;0;0;0;0;0;0;0
0;0;0;0;0;0;0;0;0;0;0;0
0.994028801528915;0.984035455544895;0.97633115560701;0.977490186942894;0.98300466103234;0.984862448635193;0.981952332822264;1.15912260536688;1.99374368431451;1.96629526892848;1.95814017575661;1.958814575607
0;0;0;0;0;0;0;0;0;0;0;0
0;0;0;0;0;0;0;0;0;0;0;0
0.994764190469716;1.01834882628106;1.01398776271003;1.04425435018774;1.06109444178171;1.08886423824666;1.1017010754964;1.23575705861966;2.05744988532199;2.07195052644267;2.06438681992094;2.09284507002059
0;0;0;0;0;0;0;0;0;0;0;0
0;0;0;0;0;0;0;0;0;0;0;0
0.994596405664001;0.993595437678108;1.00009123286192;1.00293775895061;1.01126316664788;1.0316045970118;1.0511030978096;1.19110800436969;2.0240826758078;2.01697811279188;2.01378927231784;2.01231842757771
0;0;0;0;0;0;0;0;0;0;0;0
0;0;0;0;0;0;0;0;0;0;0;0
0.992965881863142;0.984144348864681;0.977955207069475;0.967441779939869;0.967577984695813;0.965151279333309;0.971413596087277;1.14498634371429;1.9827295513611;1.97167554233736;1.94921631045718;1.94155500264325
0;0;0;0;0;0;0;0;0;0;0;0
0;0;0;0;0;0;0;0;0;0;0;0
0.993629689926094;0.986103274588894;0.975782007507978;0.981360227877993;0.973671683774499;0.987012295775996;0.987141398141903;1.15815792714065;1.98808801497803;1.97362793881336;1.95603187991351;1.96041093360749
0;0;0;0;0;0;0;0;0;0;0;0
0;0;0;0;0;0;0;0;0;0;0;0
0.993168521378912;0.994360088943384;0.997584687651229;1.00138629630296;1.00657131840535;1.02066709329951;1.0461659805051;1.18869830824795;2.01264885500527;2.00493845402359;2.0078448012422;2.00296971980085
