0;0;0;0;0;0;0;0;0;0;0;0
0;0;0;0;0;0;0;0;0;0;0;0
0.997807378427361;0.999047678490742;1.00423649251318;1.01093714597094;1.01454429884228;1.02167966628381;1.02658520479586;1.10460916288288;2.01461416970118;2.00838099515601;2.01583561620461;2.02263135649631
0;0;0;0;0;0;0;0;0;0;0;0
0;0;0;0;0;0;0;0;0;0;0;0
0.997496967437748;0.996915667842269;0.996805355618681;0.997145517857169;1.00029464703096;1.00195025297238;1.00020868382435;1.08889477068856;1.99655602399301;1.99575185915416;1.99470601393878;1.99562649843098
0;0;0;0;0;0;0;0;0;0;0;0
0;0;0;0;0;0;0;0;0;0;0;0
0.99749696743775;0.996915667842291;0.996805355618664;0.997145517857237;1.00029464702908;1.00195025297069;1.00020868382227;1.0888947706867;1.99655602399103;1.9957518591526;1.99470601393713;1.99562649842905
0;0;0;0;0;0;0;0;0;0;0;0
0;0;0;0;0;0;0;0;0;0;0;0
0.997496967437743;0.996915667842309;0.99680535561869;0.997145517857214;1.00029464702619;1.0019502529677;1.00020868381894;1.08889477068342;1.99655602398771;1.99575185914933;1.99470601393382;1.99562649842544
0;0;0;0;0;0;0;0;0;0;0;0
0;0;0;0;0;0;0;0;0;0;0;0
0.997460061263672;0.992355367590732;0.98588638322992;0.982030435130997;0.983818806212179;0.979998918827681;0.975507760415743;1.07184607775604;1.97979435975203;1.97685895409847;1.96873841586828;1.96592149941335
0;0;0;0;0;0;0;0;0;0;0;0
0;0;0;0;0;0;0;0;0;0;0;0
0.997496967437749;0.996915667842273;0.996805355618656;0.997145517857209;1.00029464702613;1.00195025296794;1.00020868381953;1.0888947706846;1.99655602398886;1.99575185915029;1.99470601393463;1.99562649842653
0;0;0;0;0;0;0;0;0;0;0;0
0;0;0;0;0;0;0;0;0;0;0;0
0.997807378427357;0.999047678490698;1.00423649251316;1.01093714597091;1.01454429884199;1.02167966628393;1.02658520479567;1.10460916288257;2.01461416970106;2.00838099515588;2.01583561620449;2.02263135649614
0;0;0;0;0;0;0;0;0;0;0;0
0;0;0;0;0;0;0;0;0;0;0;0
0.997496967437739;0.996915667842308;0.996805355618734;0.997145517857244;1.00029464703037;1.00195025297285;1.00020868382397;1.08889477068837;1.99655602399274;1.99575185915406;1.99470601393855;1.99562649843088
0;0;0;0;0;0;0;0;0;0;0;0
0;0;0;0;0;0;0;0;0;0;0;0
0.997496967437754;0.996915667842332;0.996805355618723;0.99714551785728;1.00029464702471;1.00195025296703;1.00020868381752;1.08889477068264;1.9965560239869;1.99575185914851;1.99470601393301;1.99562649842461
0;0;0;0;0;0;0;0;0;0;0;0
0;0;0;0;0;0;0;0;0;0;0;0
0.997807378427365;0.999047678490743;1.00423649251317;1.01093714597094;1.01454429884151;1.02167966628377;1.02658520479554;1.10460916288221;2.0146141697006;2.00838099515546;2.01583561620411;2.0226313564957
0;0;0;0;0;0;0;0;0;0;0;0
0;0;0;0;0;0;0;0;0;0;0;0
0.996171137357286;0.994101361053078;0.995101176047888;0.995644780180993;0.99129382610492;0.988071078355228;0.993094354508433;1.08626786044462;1.99203348684793;1.98701702911266;1.99031966248269;1.99006736417039
0;0;0;0;0;0;0;0;0;0;0;0
0;0;0;0;0;0;0;0;0;0;0;0
0.996366625867505;0.995774136348704;0.993681173578687;0.989439836078981;0.984505763906638;0.980018294200445;0.977935438967896;1.07781310612031;1.98149032515619;1.98461844054799;1.98111989317969;1.97633890945753
0;0;0;0;0;0;0;0;0;0;0;0
0;0;0;0;0;0;0;0;0;0;0;0
0.9963666258675;0.995774136348738;0.993681173578722;0.989439836078874;0.984505763907396;0.980018294201225;0.977935438968816;1.07781310612086;1.98149032515683;1.98461844054864;1.98111989318021;1.97633890945814
0;0;0;0;0;0;0;0;0;0;0;0
0;0;0;0;0;0;0;0;0;0;0;0
0.996171137357298;0.994101361053055;0.995101176047848;0.995644780180966;0.991293826106271;0.988071078355955;0.993094354509961;1.08626786044628;1.99203348684957;1.98701702911421;1.9903196624843;1.9900673641721
0;0;0;0;0;0;0;0;0;0;0;0
0;0;0;0;0;0;0;0;0;0;0;0
0.996366625867504;0.99577413634867;0.993681173578612;0.989439836078861;0.984505763907146;0.980018294200153;0.97793543896833;1.07781310612023;1.98149032515611;1.98461844054793;1.9811198931796;1.97633890945735
0;0;0;0;0;0;0;0;0;0;0;0
0;0;0;0;0;0;0;0;0;0;0;0
0.996171137357274;0.99410136105305;0.995101176047894;0.995644780180988;0.991293826108238;0.988071078357131;0.99309435451136;1.08626786044724;1.99203348685071;1.98701702911533;1.99031966248542;1.99006736417343
0;0;0;0;0;0;0;0;0;0;0;0
0;0;0;0;0;0;0;0;0;0;0;0
0.997807378427364;0.99904767849072;1.00423649251312;1.01093714597082;1.01454429884174;1.02167966628392;1.02658520479545;1.10460916288235;2.01461416970067;2.00838099515549;2.01583561620411;2.02263135649553
0;0;0;0;0;0;0;0;0;0;0;0
0;0;0;0;0;0;0;0;0;0;0;0
0.997496967437748;0.996915667842284;0.996805355618724;0.99714551785734;1.00029464702808;1.00195025296988;1.00020868382194;1.08889477068651;1.99655602399084;1.99575185915237;1.99470601393698;1.99562649842895
0;0;0;0;0;0;0;0;0;0;0;0
0;0;0;0;0;0;0;0;0;0;0;0
0.997496967437745;0.996915667842265;0.996805355618657;0.997145517857123;1.00029464702804;1.00195025297103;1.00020868382241;1.08889477068753;1.99655602399184;1.99575185915323;1.9947060139377;1.99562649842955
0;0;0;0;0;0;0;0;0;0;0;0
0;0;0;0;0;0;0;0;0;0;0;0
0.997496967437743;0.996915667842278;0.99680535561866;0.997145517857275;1.00029464702762;1.00195025297058;1.00020868382208;1.08889477068711;1.99655602399132;1.99575185915277;1.99470601393712;1.99562649842916
0;0;0;0;0;0;0;0;0;0;0;0
0;0;0;0;0;0;0;0;0;0;0;0
0.997460061263674;0.992355367590748;0.985886383229958;0.982030435131296;0.983818806212302;0.979998918828295;0.975507760416134;1.0718460777562;1.9797943597523;1.97685895409868;1.96873841586866;1.96592149941389
0;0;0;0;0;0;0;0;0;0;0;0
0;0;0;0;0;0;0;0;0;0;0;0
0.997496967437753;0.996915667842328;0.996805355618718;0.997145517857259;1.00029464702823;1.00195025297014;1.00020868382135;1.08889477068593;1.99655602399025;1.9957518591517;1.99470601393628;1.99562649842822
0;0;0;0;0;0;0;0;0;0;0;0
0;0;0;0;0;0;0;0;0;0;0;0
0.997807378427367;0.999047678490785;1.0042364925132;1.01093714597094;1.01454429884174;1.02167966628391;1.02658520479562;1.10460916288236;2.01461416970085;2.00838099515579;2.01583561620434;2.02263135649581
0;0;0;0;0;0;0;0;0;0;0;0
0;0;0;0;0;0;0;0;0;0;0;0
0.997496967437748;0.996915667842294;0.996805355618726;0.997145517857266;1.00029464702677;1.00195025296898;1.00020868382018;1.08889477068484;1.99655602398911;1.99575185915067;1.99470601393516;1.995626498427
0;0;0;0;0;0;0;0;0;0;0;0
0;0;0;0;0;0;0;0;0;0;0;0
0.997496967437744;0.996915667842294;0.996805355618704;0.997145517857187;1.00029464702816;1.00195025297129;1.0002086838221;1.08889477068719;1.99655602399149;1.99575185915295;1.99470601393737;1.99562649842926
0;0;0;0;0;0;0;0;0;0;0;0
0;0;0;0;0;0;0;0;0;0;0;0
0.997807378427374;0.999047678490841;1.00423649251321;1.01093714597093;1.014544298842;1.021679666284;1.02658520479557;1.10460916288238;2.01461416970075;2.00838099515576;2.0158356162043;2.02263135649583
0;0;0;0;0;0;0;0;0;0;0;0
0;0;0;0;0;0;0;0;0;0;0;0
0.996171137357286;0.994101361053089;0.995101176047891;0.995644780181018;0.991293826106384;0.988071078355621;0.993094354509297;1.08626786044536;1.99203348684869;1.9870170291134;1.99031966248343;1.99006736417138
0;0;0;0;0;0;0;0;0;0;0;0
0;0;0;0;0;0;0;0;0;0;0;0
0.996366625867503;0.995774136348706;0.993681173578668;0.989439836078697;0.9845057639069;0.980018294199761;0.977935438967338;1.07781310611949;1.98149032515546;1.9846184405473;1.98111989317886;1.97633890945652
0;0;0;0;0;0;0;0;0;0;0;0
0;0;0;0;0;0;0;0;0;0;0;0
0.996366625867502;0.99577413634871;0.99368117357868;0.989439836078951;0.984505763907152;0.98001829420029;0.97793543896812;1.07781310612013;1.98149032515612;1.98461844054791;1.98111989317951;1.97633890945742
0;0;0;0;0;0;0;0;0;0;0;0
0;0;0;0;0;0;0;0;0;0;0;0
0.996171137357285;0.994101361053054;0.995101176047863;0.99564478018096;0.991293826106872;0.988071078355706;0.993094354509741;1.08626786044581;1.99203348684922;1.98701702911379;1.99031966248393;1.99006736417178
0;0;0;0;0;0;0;0;0;0;0;0
0;0;0;0;0;0;0;0;0;0;0;0
0.996366625867504;0.995774136348713;0.993681173578667;0.98943983607887;0.98450576390795;0.980018294200729;0.977935438968822;1.07781310612093;1.98149032515683;1.98461844054861;1.9811198931803;1.97633890945813
0;0;0;0;0;0;0;0;0;0;0;0
0;0;0;0;0;0;0;0;0;0;0;0
0.996171137357266;0.994101361053001;0.995101176047828;0.995644780180974;0.991293826106253;0.988071078355492;0.993094354509742;1.08626786044573;1.99203348684905;1.98701702911366;1.99031966248375;1.99006736417167
0;0;0;0;0;0;0;0;0;0;0;0
0;0;0;0;0;0;0;0;0;0;0;0
0.99780737842736;0.999047678490715;1.00423649251311;1.01093714597082;1.01454429884174;1.02167966628392;1.02658520479544;1.10460916288234;2.01461416970067;2.00838099515549;2.01583561620411;2.02263135649554
0;0;0;0;0;0;0;0;0;0;0;0
0;0;0;0;0;0;0;0;0;0;0;0
0.997496967437747;0.996915667842281;0.996805355618721;0.997145517857335;1.00029464702808;1.00195025296988;1.00020868382193;1.08889477068651;1.99655602399083;1.99575185915236;1.99470601393697;1.99562649842895
0;0;0;0;0;0;0;0;0;0;0;0
0;0;0;0;0;0;0;0;0;0;0;0
0.997496967437743;0.996915667842261;0.996805355618651;0.997145517857118;1.00029464702804;1.00195025297103;1.0002086838224;1.08889477068753;1.99655602399184;1.99575185915323;1.99470601393769;1.99562649842954
0;0;0;0;0;0;0;0;0;0;0;0
0;0;0;0;0;0;0;0;0;0;0;0
0.997496967437742;0.996915667842274;0.996805355618654;0.99714551785727;1.00029464702761;1.00195025297058;1.00020868382208;1.0888947706871;1.99655602399131;1.99575185915277;1.99470601393712;1.99562649842916
0;0;0;0;0;0;0;0;0;0;0;0
0;0;0;0;0;0;0;0;0;0;0;0
0.997460061263675;0.992355367590749;0.98588638322996;0.982030435131299;0.983818806212307;0.979998918828301;0.975507760416139;1.0718460777562;1.97979435975231;1.97685895409868;1.96873841586866;1.96592149941388
0;0;0;0;0;0;0;0;0;0;0;0
0;0;0;0;0;0;0;0;0;0;0;0
0.997496967437753;0.99691566784233;0.996805355618721;0.997145517857259;1.00029464702823;1.00195025297014;1.00020868382135;1.08889477068592;1.99655602399024;1.99575185915169;1.99470601393627;1.99562649842822
0;0;0;0;0;0;0;0;0;0;0;0
0;0;0;0;0;0;0;0;0;0;0;0
0.997807378427364;0.999047678490785;1.0042364925132;1.01093714597094;1.01454429884174;1.02167966628391;1.02658520479561;1.10460916288235;2.01461416970085;2.00838099515578;2.01583561620433;2.02263135649579
0;0;0;0;0;0;0;0;0;0;0;0
0;0;0;0;0;0;0;0;0;0;0;0
0.997496967437749;0.996915667842296;0.996805355618728;0.997145517857266;1.00029464702677;1.00195025296898;1.00020868382018;1.08889477068484;1.99655602398911;1.99575185915068;1.99470601393516;1.99562649842701
0;0;0;0;0;0;0;0;0;0;0;0
0;0;0;0;0;0;0;0;0;0;0;0
0.997496967437745;0.996915667842294;0.996805355618702;0.997145517857184;1.00029464702816;1.00195025297128;1.00020868382209;1.08889477068719;1.99655602399149;1.99575185915295;1.99470601393737;1.99562649842926
0;0;0;0;0;0;0;0;0;0;0;0
0;0;0;0;0;0;0;0;0;0;0;0
0.997807378427373;0.999047678490842;1.00423649251321;1.01093714597093;1.014544298842;1.021679666284;1.02658520479557;1.10460916288238;2.01461416970075;2.00838099515576;2.0158356162043;2.02263135649583
0;0;0;0;0;0;0;0;0;0;0;0
0;0;0;0;0;0;0;0;0;0;0;0
0.996171137357286;0.99410136105309;0.995101176047891;0.995644780181015;0.991293826106382;0.988071078355621;0.9930943545093;1.08626786044536;1.99203348684869;1.9870170291134;1.99031966248344;1.99006736417138
0;0;0;0;0;0;0;0;0;0;0;0
0;0;0;0;0;0;0;0;0;0;0;0
0.996366625867503;0.995774136348707;0.993681173578668;0.989439836078698;0.984505763906901;0.98001829419976;0.977935438967337;1.07781310611949;1.98149032515546;1.9846184405473;1.98111989317886;1.97633890945652
0;0;0;0;0;0;0;0;0;0;0;0
0;0;0;0;0;0;0;0;0;0;0;0
0.996366625867502;0.995774136348709;0.993681173578681;0.989439836078954;0.984505763907155;0.980018294200296;0.977935438968125;1.07781310612014;1.98149032515612;1.98461844054792;1.98111989317952;1.97633890945743
0;0;0;0;0;0;0;0;0;0;0;0
0;0;0;0;0;0;0;0;0;0;0;0
0.996171137357288;0.994101361053056;0.995101176047868;0.995644780180965;0.991293826106878;0.988071078355712;0.993094354509751;1.08626786044582;1.99203348684923;1.98701702911379;1.99031966248393;1.99006736417178
0;0;0;0;0;0;0;0;0;0;0;0
0;0;0;0;0;0;0;0;0;0;0;0
0.996366625867502;0.995774136348711;0.993681173578666;0.98943983607887;0.984505763907949;0.980018294200728;0.977935438968821;1.07781310612092;1.98149032515682;1.98461844054861;1.98111989318031;1.97633890945813
0;0;0;0;0;0;0;0;0;0;0;0
0;0;0;0;0;0;0;0;0;0;0;0
0.996171137357265;0.994101361053;0.995101176047827;0.995644780180974;0.991293826106251;0.988071078355493;0.993094354509741;1.08626786044572;1.99203348684905;1.98701702911365;1.99031966248374;1.99006736417166
0;0;0;0;0;0;0;0;0;0;0;0
0;0;0;0;0;0;0;0;0;0;0;0
0.997807378427362;0.999047678490747;1.00423649251319;1.01093714597095;1.01454429884229;1.02167966628383;1.02658520479587;1.10460916288289;2.01461416970119;2.00838099515602;2.01583561620462;2.02263135649633
0;0;0;0;0;0;0;0;0;0;0;0
0;0;0;0;0;0;0;0;0;0;0;0
0.997496967437749;0.996915667842266;0.996805355618679;0.997145517857166;1.00029464703095;1.00195025297238;1.00020868382435;1.08889477068856;1.996556023993;1.99575185915416;1.99470601393878;1.99562649843098
0;0;0;0;0;0;0;0;0;0;0;0
0;0;0;0;0;0;0;0;0;0;0;0
0.997496967437752;0.996915667842293;0.996805355618669;0.997145517857242;1.00029464702908;1.0019502529707;1.00020868382228;1.08889477068671;1.99655602399104;1.99575185915261;1.99470601393715;1.99562649842907
0;0;0;0;0;0;0;0;0;0;0;0
0;0;0;0;0;0;0;0;0;0;0;0
0.997496967437742;0.996915667842308;0.996805355618692;0.997145517857212;1.00029464702619;1.0019502529677;1.00020868381894;1.08889477068342;1.99655602398771;1.99575185914933;1.99470601393382;1.99562649842544
0;0;0;0;0;0;0;0;0;0;0;0
0;0;0;0;0;0;0;0;0;0;0;0
0.997460061263674;0.992355367590734;0.985886383229923;0.982030435131;0.983818806212177;0.979998918827683;0.975507760415743;1.07184607775604;1.97979435975203;1.97685895409848;1.96873841586827;1.96592149941334
0;0;0;0;0;0;0;0;0;0;0;0
0;0;0;0;0;0;0;0;0;0;0;0
0.997496967437748;0.996915667842272;0.996805355618654;0.99714551785721;1.00029464702613;1.00195025296795;1.00020868381952;1.0888947706846;1.99655602398886;1.99575185915028;1.99470601393462;1.99562649842652
0;0;0;0;0;0;0;0;0;0;0;0
0;0;0;0;0;0;0;0;0;0;0;0
0.997807378427356;0.999047678490702;1.00423649251316;1.01093714597092;1.01454429884199;1.02167966628393;1.02658520479567;1.10460916288258;2.01461416970106;2.00838099515589;2.0158356162045;2.02263135649615
0;0;0;0;0;0;0;0;0;0;0;0
0;0;0;0;0;0;0;0;0;0;0;0
0.997496967437739;0.996915667842306;0.996805355618732;0.99714551785724;1.00029464703037;1.00195025297284;1.00020868382397;1.08889477068837;1.99655602399273;1.99575185915406;1.99470601393855;1.99562649843087
0;0;0;0;0;0;0;0;0;0;0;0
0;0;0;0;0;0;0;0;0;0;0;0
0.997496967437752;0.996915667842329;0.996805355618719;0.997145517857276;1.00029464702471;1.00195025296703;1.00020868381752;1.08889477068264;1.99655602398689;1.9957518591485;1.994706013933;1.99562649842459
0;0;0;0;0;0;0;0;0;0;0;0
0;0;0;0;0;0;0;0;0;0;0;0
0.997807378427364;0.999047678490741;1.00423649251317;1.01093714597094;1.01454429884151;1.02167966628377;1.02658520479554;1.10460916288221;2.01461416970059;2.00838099515545;2.0158356162041;2.02263135649569
0;0;0;0;0;0;0;0;0;0;0;0
0;0;0;0;0;0;0;0;0;0;0;0
0.996171137357285;0.994101361053079;0.995101176047889;0.995644780180996;0.991293826104924;0.988071078355232;0.993094354508439;1.08626786044462;1.99203348684794;1.98701702911267;1.99031966248269;1.9900673641704
0;0;0;0;0;0;0;0;0;0;0;0
0;0;0;0;0;0;0;0;0;0;0;0
0.996366625867505;0.995774136348705;0.993681173578687;0.989439836078982;0.98450576390664;0.980018294200447;0.9779354389679;1.07781310612031;1.98149032515619;1.984618440548;1.9811198931797;1.97633890945754
0;0;0;0;0;0;0;0;0;0;0;0
0;0;0;0;0;0;0;0;0;0;0;0
0.996366625867499;0.995774136348738;0.993681173578721;0.989439836078872;0.984505763907398;0.980018294201225;0.977935438968818;1.07781310612086;1.98149032515683;1.98461844054864;1.98111989318021;1.97633890945813
0;0;0;0;0;0;0;0;0;0;0;0
0;0;0;0;0;0;0;0;0;0;0;0
0.996171137357298;0.994101361053054;0.995101176047847;0.995644780180967;0.991293826106272;0.988071078355958;0.993094354509963;1.08626786044628;1.99203348684956;1.9870170291142;1.9903196624843;1.9900673641721
0;0;0;0;0;0;0;0;0;0;0;0
0;0;0;0;0;0;0;0;0;0;0;0
0.996366625867504;0.99577413634867;0.993681173578611;0.989439836078861;0.984505763907145;0.980018294200151;0.977935438968328;1.07781310612022;1.98149032515611;1.98461844054793;1.98111989317961;1.97633890945736
0;0;0;0;0;0;0;0;0;0;0;0
0;0;0;0;0;0;0;0;0;0;0;0
0.996171137357276;0.99410136105305;0.995101176047893;0.995644780180983;0.991293826108235;0.988071078357126;0.993094354511356;1.08626786044724;1.99203348685071;1.98701702911533;1.99031966248542;1.99006736417343
0;0;0;0;0;0;0;0;0;0;0;0
0;0;0;0;0;0;0;0;0;0;0;0
0.997807378427361;0.999047678490718;1.00423649251312;1.01093714597082;1.01454429884174;1.02167966628392;1.02658520479545;1.10460916288235;2.01461416970068;2.00838099515549;2.01583561620412;2.02263135649555
0;0;0;0;0;0;0;0;0;0;0;0
0;0;0;0;0;0;0;0;0;0;0;0
0.997496967437747;0.996915667842283;0.996805355618722;0.997145517857337;1.00029464702808;1.00195025296988;1.00020868382193;1.08889477068651;1.99655602399083;1.99575185915236;1.99470601393697;1.99562649842894
0;0;0;0;0;0;0;0;0;0;0;0
0;0;0;0;0;0;0;0;0;0;0;0
0.997496967437744;0.996915667842261;0.996805355618652;0.99714551785712;1.00029464702804;1.00195025297103;1.00020868382241;1.08889477068753;1.99655602399184;1.99575185915323;1.99470601393769;1.99562649842953
0;0;0;0;0;0;0;0;0;0;0;0
0;0;0;0;0;0;0;0;0;0;0;0
0.997496967437744;0.996915667842276;0.996805355618656;0.997145517857272;1.00029464702762;1.00195025297058;1.00020868382208;1.0888947706871;1.99655602399131;1.99575185915277;1.99470601393711;1.99562649842916
0;0;0;0;0;0;0;0;0;0;0;0
0;0;0;0;0;0;0;0;0;0;0;0
0.997460061263676;0.992355367590749;0.985886383229959;0.982030435131298;0.983818806212305;0.979998918828296;0.975507760416133;1.0718460777562;1.9797943597523;1.97685895409868;1.96873841586867;1.96592149941389
0;0;0;0;0;0;0;0;0;0;0;0
0;0;0;0;0;0;0;0;0;0;0;0
0.997496967437754;0.996915667842331;0.996805355618721;0.997145517857261;1.00029464702823;1.00195025297014;1.00020868382135;1.08889477068592;1.99655602399024;1.9957518591517;1.99470601393628;1.99562649842822
0;0;0;0;0;0;0;0;0;0;0;0
0;0;0;0;0;0;0;0;0;0;0;0
0.997807378427365;0.999047678490787;1.00423649251319;1.01093714597094;1.01454429884174;1.02167966628391;1.02658520479562;1.10460916288236;2.01461416970085;2.00838099515579;2.01583561620434;2.02263135649581
0;0;0;0;0;0;0;0;0;0;0;0
0;0;0;0;0;0;0;0;0;0;0;0
0.99749696743775;0.996915667842297;0.99680535561873;0.997145517857268;1.00029464702677;1.00195025296898;1.00020868382018;1.08889477068484;1.99655602398912;1.99575185915067;1.99470601393517;1.99562649842702
0;0;0;0;0;0;0;0;0;0;0;0
0;0;0;0;0;0;0;0;0;0;0;0
0.997496967437746;0.996915667842296;0.996805355618704;0.997145517857188;1.00029464702816;1.00195025297128;1.00020868382209;1.08889477068719;1.99655602399149;1.99575185915294;1.99470601393737;1.99562649842926
0;0;0;0;0;0;0;0;0;0;0;0
0;0;0;0;0;0;0;0;0;0;0;0
0.99780737842737;0.999047678490835;1.0042364925132;1.01093714597092;1.014544298842;1.021679666284;1.02658520479557;1.10460916288238;2.01461416970074;2.00838099515575;2.0158356162043;2.02263135649582
0;0;0;0;0;0;0;0;0;0;0;0
0;0;0;0;0;0;0;0;0;0;0;0
0.996171137357285;0.994101361053088;0.995101176047889;0.995644780181014;0.99129382610638;0.988071078355621;0.993094354509298;1.08626786044536;1.99203348684869;1.9870170291134;1.99031966248343;1.99006736417138
0;0;0;0;0;0;0;0;0;0;0;0
0;0;0;0;0;0;0;0;0;0;0;0
0.996366625867503;0.995774136348705;0.993681173578668;0.989439836078697;0.984505763906899;0.980018294199762;0.977935438967337;1.07781310611949;1.98149032515545;1.98461844054729;1.98111989317885;1.97633890945651
0;0;0;0;0;0;0;0;0;0;0;0
0;0;0;0;0;0;0;0;0;0;0;0
0.996366625867503;0.99577413634871;0.993681173578683;0.989439836078955;0.984505763907155;0.980018294200295;0.977935438968126;1.07781310612013;1.98149032515613;1.98461844054791;1.98111989317952;1.97633890945743
0;0;0;0;0;0;0;0;0;0;0;0
0;0;0;0;0;0;0;0;0;0;0;0
0.996171137357285;0.994101361053053;0.995101176047864;0.995644780180959;0.991293826106871;0.988071078355704;0.99309435450974;1.0862678604458;1.99203348684922;1.98701702911378;1.99031966248393;1.99006736417177
0;0;0;0;0;0;0;0;0;0;0;0
0;0;0;0;0;0;0;0;0;0;0;0
0.996366625867502;0.99577413634871;0.993681173578667;0.98943983607887;0.98450576390795;0.980018294200732;0.977935438968825;1.07781310612093;1.98149032515682;1.98461844054861;1.98111989318031;1.97633890945813
0;0;0;0;0;0;0;0;0;0;0;0
0;0;0;0;0;0;0;0;0;0;0;0
0.996171137357266;0.994101361052999;0.995101176047827;0.995644780180971;0.99129382610625;0.988071078355492;0.993094354509744;1.08626786044573;1.99203348684906;1.98701702911366;1.99031966248374;1.99006736417167
0;0;0;0;0;0;0;0;0;0;0;0
0;0;0;0;0;0;0;0;0;0;0;0
0.997807378427363;0.999047678490745;1.00423649251319;1.01093714597094;1.01454429884229;1.02167966628382;1.02658520479587;1.10460916288289;2.01461416970119;2.00838099515601;2.01583561620461;2.02263135649632
0;0;0;0;0;0;0;0;0;0;0;0
0;0;0;0;0;0;0;0;0;0;0;0
0.997496967437748;0.996915667842266;0.996805355618675;0.99714551785716;1.00029464703095;1.00195025297237;1.00020868382435;1.08889477068855;1.996556023993;1.99575185915416;1.99470601393878;1.99562649843099
0;0;0;0;0;0;0;0;0;0;0;0
0;0;0;0;0;0;0;0;0;0;0;0
0.997496967437753;0.996915667842294;0.996805355618668;0.997145517857241;1.00029464702908;1.00195025297069;1.00020868382227;1.08889477068671;1.99655602399104;1.9957518591526;1.99470601393715;1.99562649842907
0;0;0;0;0;0;0;0;0;0;0;0
0;0;0;0;0;0;0;0;0;0;0;0
0.997496967437742;0.99691566784231;0.996805355618692;0.997145517857214;1.00029464702619;1.0019502529677;1.00020868381894;1.08889477068342;1.99655602398772;1.99575185914933;1.99470601393383;1.99562649842544
0;0;0;0;0;0;0;0;0;0;0;0
0;0;0;0;0;0;0;0;0;0;0;0
0.997460061263673;0.992355367590732;0.98588638322992;0.982030435130995;0.983818806212175;0.97999891882768;0.975507760415741;1.07184607775604;1.97979435975203;1.97685895409847;1.96873841586826;1.96592149941333
0;0;0;0;0;0;0;0;0;0;0;0
0;0;0;0;0;0;0;0;0;0;0;0
0.997496967437749;0.996915667842273;0.996805355618657;0.997145517857212;1.00029464702613;1.00195025296795;1.00020868381953;1.0888947706846;1.99655602398886;1.99575185915028;1.99470601393462;1.99562649842653
0;0;0;0;0;0;0;0;0;0;0;0
0;0;0;0;0;0;0;0;0;0;0;0
0.997807378427358;0.999047678490703;1.00423649251317;1.01093714597092;1.014544298842;1.02167966628394;1.02658520479568;1.10460916288259;2.01461416970107;2.0083809951559;2.01583561620452;2.02263135649617
0;0;0;0;0;0;0;0;0;0;0;0
0;0;0;0;0;0;0;0;0;0;0;0
0.997496967437741;0.996915667842309;0.996805355618741;0.997145517857246;1.00029464703038;1.00195025297285;1.00020868382397;1.08889477068837;1.99655602399274;1.99575185915406;1.99470601393856;1.99562649843089
0;0;0;0;0;0;0;0;0;0;0;0
0;0;0;0;0;0;0;0;0;0;0;0
0.997496967437755;0.996915667842331;0.996805355618719;0.997145517857277;1.0002946470247;1.00195025296703;1.00020868381751;1.08889477068264;1.99655602398689;1.9957518591485;1.99470601393299;1.9956264984246
0;0;0;0;0;0;0;0;0;0;0;0
0;0;0;0;0;0;0;0;0;0;0;0
0.997807378427367;0.999047678490744;1.00423649251317;1.01093714597095;1.01454429884152;1.02167966628377;1.02658520479555;1.10460916288222;2.01461416970062;2.00838099515548;2.01583561620413;2.02263135649572
0;0;0;0;0;0;0;0;0;0;0;0
0;0;0;0;0;0;0;0;0;0;0;0
0.996171137357285;0.994101361053079;0.99510117604789;0.995644780180996;0.991293826104921;0.988071078355229;0.993094354508432;1.08626786044462;1.99203348684793;1.98701702911266;1.99031966248268;1.99006736417039
0;0;0;0;0;0;0;0;0;0;0;0
0;0;0;0;0;0;0;0;0;0;0;0
0.996366625867505;0.995774136348704;0.993681173578688;0.989439836078983;0.984505763906639;0.980018294200445;0.977935438967897;1.07781310612031;1.98149032515619;1.984618440548;1.9811198931797;1.97633890945753
0;0;0;0;0;0;0;0;0;0;0;0
0;0;0;0;0;0;0;0;0;0;0;0
0.996366625867499;0.995774136348738;0.993681173578722;0.989439836078874;0.984505763907397;0.980018294201225;0.977935438968818;1.07781310612086;1.98149032515683;1.98461844054864;1.98111989318021;1.97633890945813
0;0;0;0;0;0;0;0;0;0;0;0
0;0;0;0;0;0;0;0;0;0;0;0
0.996171137357298;0.994101361053053;0.995101176047841;0.995644780180962;0.991293826106266;0.988071078355951;0.993094354509959;1.08626786044628;1.99203348684956;1.98701702911419;1.99031966248428;1.99006736417208
0;0;0;0;0;0;0;0;0;0;0;0
0;0;0;0;0;0;0;0;0;0;0;0
0.996366625867504;0.995774136348672;0.993681173578613;0.989439836078862;0.984505763907146;0.980018294200152;0.977935438968331;1.07781310612023;1.98149032515612;1.98461844054794;1.98111989317961;1.97633890945736
0;0;0;0;0;0;0;0;0;0;0;0
0;0;0;0;0;0;0;0;0;0;0;0
0.996171137357275;0.994101361053051;0.995101176047895;0.995644780180987;0.99129382610824;0.98807107835713;0.993094354511361;1.08626786044724;1.99203348685071;1.98701702911534;1.99031966248542;1.99006736417343
0;0;0;0;0;0;0;0;0;0;0;0
0;0;0;0;0;0;0;0;0;0;0;0
0.997807378427361;0.999047678490744;1.00423649251318;1.01093714597095;1.01454429884228;1.02167966628382;1.02658520479587;1.10460916288289;2.01461416970119;2.00838099515602;2.01583561620462;2.02263135649632
0;0;0;0;0;0;0;0;0;0;0;0
0;0;0;0;0;0;0;0;0;0;0;0
0.997496967437747;0.996915667842267;0.99680535561868;0.997145517857165;1.00029464703095;1.00195025297238;1.00020868382435;1.08889477068856;1.99655602399301;1.99575185915417;1.99470601393878;1.99562649843098
0;0;0;0;0;0;0;0;0;0;0;0
0;0;0;0;0;0;0;0;0;0;0;0
0.997496967437753;0.996915667842294;0.996805355618669;0.997145517857242;1.00029464702908;1.0019502529707;1.00020868382228;1.08889477068671;1.99655602399104;1.99575185915261;1.99470601393715;1.99562649842907
0;0;0;0;0;0;0;0;0;0;0;0
0;0;0;0;0;0;0;0;0;0;0;0
0.997496967437743;0.996915667842309;0.996805355618691;0.997145517857213;1.00029464702619;1.0019502529677;1.00020868381893;1.08889477068341;1.99655602398771;1.99575185914932;1.99470601393382;1.99562649842543
0;0;0;0;0;0;0;0;0;0;0;0
0;0;0;0;0;0;0;0;0;0;0;0
0.997460061263672;0.99235536759073;0.985886383229919;0.982030435130995;0.983818806212176;0.979998918827679;0.97550776041574;1.07184607775604;1.97979435975203;1.97685895409847;1.96873841586827;1.96592149941334
0;0;0;0;0;0;0;0;0;0;0;0
0;0;0;0;0;0;0;0;0;0;0;0
0.997496967437747;0.996915667842272;0.996805355618655;0.997145517857208;1.00029464702613;1.00195025296794;1.00020868381952;1.08889477068459;1.99655602398886;1.99575185915029;1.99470601393462;1.99562649842653
0;0;0;0;0;0;0;0;0;0;0;0
0;0;0;0;0;0;0;0;0;0;0;0
0.997807378427354;0.999047678490697;1.00423649251316;1.01093714597091;1.01454429884199;1.02167966628393;1.02658520479567;1.10460916288258;2.01461416970106;2.00838099515588;2.0158356162045;2.02263135649615
0;0;0;0;0;0;0;0;0;0;0;0
0;0;0;0;0;0;0;0;0;0;0;0
0.99749696743774;0.996915667842311;0.99680535561874;0.997145517857248;1.00029464703038;1.00195025297285;1.00020868382398;1.08889477068838;1.99655602399275;1.99575185915407;1.99470601393856;1.9956264984309
0;0;0;0;0;0;0;0;0;0;0;0
0;0;0;0;0;0;0;0;0;0;0;0
0.997496967437753;0.996915667842332;0.99680535561872;0.997145517857279;1.00029464702471;1.00195025296703;1.00020868381752;1.08889477068265;1.9965560239869;1.99575185914851;1.99470601393301;1.9956264984246
0;0;0;0;0;0;0;0;0;0;0;0
0;0;0;0;0;0;0;0;0;0;0;0
0.997807378427368;0.999047678490746;1.00423649251317;1.01093714597095;1.01454429884152;1.02167966628377;1.02658520479555;1.10460916288222;2.01461416970061;2.00838099515546;2.01583561620411;2.02263135649571
0;0;0;0;0;0;0;0;0;0;0;0
0;0;0;0;0;0;0;0;0;0;0;0
0.996171137357285;0.994101361053079;0.995101176047888;0.995644780180995;0.991293826104922;0.988071078355229;0.993094354508433;1.08626786044461;1.99203348684793;1.98701702911266;1.99031966248268;1.99006736417039
0;0;0;0;0;0;0;0;0;0;0;0
0;0;0;0;0;0;0;0;0;0;0;0
0.996366625867506;0.995774136348706;0.993681173578687;0.989439836078982;0.984505763906638;0.980018294200445;0.977935438967898;1.07781310612031;1.98149032515619;1.984618440548;1.9811198931797;1.97633890945755
0;0;0;0;0;0;0;0;0;0;0;0
0;0;0;0;0;0;0;0;0;0;0;0
0.9963666258675;0.99577413634874;0.993681173578723;0.989439836078873;0.984505763907397;0.980018294201225;0.977935438968818;1.07781310612086;1.98149032515683;1.98461844054864;1.98111989318021;1.97633890945814
0;0;0;0;0;0;0;0;0;0;0;0
0;0;0;0;0;0;0;0;0;0;0;0
0.996171137357299;0.994101361053053;0.995101176047846;0.995644780180964;0.99129382610627;0.988071078355954;0.993094354509963;1.08626786044629;1.99203348684956;1.9870170291142;1.99031966248429;1.99006736417209
0;0;0;0;0;0;0;0;0;0;0;0
0;0;0;0;0;0;0;0;0;0;0;0
0.996366625867505;0.995774136348671;0.993681173578613;0.989439836078861;0.984505763907147;0.980018294200155;0.977935438968331;1.07781310612023;1.98149032515612;1.98461844054793;1.98111989317961;1.97633890945736
0;0;0;0;0;0;0;0;0;0;0;0
0;0;0;0;0;0;0;0;0;0;0;0
0.996171137357276;0.994101361053051;0.995101176047895;0.995644780180988;0.991293826108239;0.98807107835713;0.993094354511357;1.08626786044724;1.99203348685071;1.98701702911533;1.99031966248542;1.99006736417343
0;0;0;0;0;0;0;0;0;0;0;0
0;0;0;0;0;0;0;0;0;0;0;0
0.997807378427362;0.99904767849072;1.00423649251312;1.01093714597081;1.01454429884174;1.02167966628392;1.02658520479545;1.10460916288235;2.01461416970068;2.0083809951555;2.01583561620412;2.02263135649555
0;0;0;0;0;0;0;0;0;0;0;0
0;0;0;0;0;0;0;0;0;0;0;0
0.997496967437747;0.996915667842284;0.996805355618723;0.997145517857337;1.00029464702808;1.00195025296988;1.00020868382193;1.08889477068651;1.99655602399083;1.99575185915237;1.99470601393698;1.99562649842895
0;0;0;0;0;0;0;0;0;0;0;0
0;0;0;0;0;0;0;0;0;0;0;0
0.997496967437744;0.996915667842263;0.996805355618654;0.997145517857122;1.00029464702804;1.00195025297103;1.0002086838224;1.08889477068753;1.99655602399183;1.99575185915324;1.99470601393771;1.99562649842956
0;0;0;0;0;0;0;0;0;0;0;0
0;0;0;0;0;0;0;0;0;0;0;0
0.997496967437745;0.996915667842279;0.99680535561866;0.997145517857274;1.00029464702762;1.00195025297058;1.00020868382209;1.08889477068711;1.99655602399132;1.99575185915278;1.99470601393713;1.99562649842917
0;0;0;0;0;0;0;0;0;0;0;0
0;0;0;0;0;0;0;0;0;0;0;0
0.997460061263676;0.992355367590749;0.985886383229961;0.982030435131299;0.983818806212307;0.979998918828304;0.975507760416142;1.07184607775621;1.97979435975231;1.97685895409869;1.96873841586866;1.96592149941389
0;0;0;0;0;0;0;0;0;0;0;0
0;0;0;0;0;0;0;0;0;0;0;0
0.997496967437755;0.996915667842332;0.996805355618726;0.997145517857263;1.00029464702824;1.00195025297015;1.00020868382136;1.08889477068594;1.99655602399025;1.99575185915171;1.99470601393628;1.99562649842823
0;0;0;0;0;0;0;0;0;0;0;0
0;0;0;0;0;0;0;0;0;0;0;0
0.997807378427365;0.999047678490788;1.0042364925132;1.01093714597094;1.01454429884175;1.02167966628392;1.02658520479562;1.10460916288236;2.01461416970086;2.0083809951558;2.01583561620436;2.02263135649583
0;0;0;0;0;0;0;0;0;0;0;0
0;0;0;0;0;0;0;0;0;0;0;0
0.99749696743775;0.996915667842297;0.996805355618731;0.997145517857269;1.00029464702677;1.00195025296898;1.00020868382019;1.08889477068485;1.99655602398912;1.99575185915068;1.99470601393517;1.99562649842701
0;0;0;0;0;0;0;0;0;0;0;0
0;0;0;0;0;0;0;0;0;0;0;0
0.997496967437747;0.996915667842296;0.996805355618705;0.997145517857187;1.00029464702816;1.00195025297129;1.0002086838221;1.0888947706872;1.9965560239915;1.99575185915295;1.99470601393738;1.99562649842926
0;0;0;0;0;0;0;0;0;0;0;0
0;0;0;0;0;0;0;0;0;0;0;0
0.997807378427373;0.999047678490838;1.0042364925132;1.01093714597092;1.01454429884199;1.021679666284;1.02658520479556;1.10460916288237;2.01461416970074;2.00838099515575;2.0158356162043;2.02263135649582
0;0;0;0;0;0;0;0;0;0;0;0
0;0;0;0;0;0;0;0;0;0;0;0
0.996171137357285;0.994101361053088;0.995101176047892;0.995644780181018;0.991293826106387;0.988071078355622;0.993094354509301;1.08626786044536;1.9920334868487;1.9870170291134;1.99031966248344;1.99006736417138
0;0;0;0;0;0;0;0;0;0;0;0
0;0;0;0;0;0;0;0;0;0;0;0
0.996366625867503;0.995774136348705;0.993681173578667;0.989439836078696;0.984505763906898;0.980018294199757;0.977935438967333;1.07781310611948;1.98149032515545;1.98461844054729;1.98111989317884;1.97633890945651
0;0;0;0;0;0;0;0;0;0;0;0
0;0;0;0;0;0;0;0;0;0;0;0
0.996366625867502;0.995774136348708;0.993681173578677;0.989439836078951;0.984505763907151;0.980018294200289;0.977935438968119;1.07781310612013;1.98149032515612;1.9846184405479;1.98111989317951;1.97633890945741
0;0;0;0;0;0;0;0;0;0;0;0
0;0;0;0;0;0;0;0;0;0;0;0
0.996171137357285;0.994101361053052;0.995101176047862;0.995644780180958;0.99129382610687;0.988071078355701;0.993094354509739;1.08626786044581;1.99203348684922;1.98701702911378;1.99031966248393;1.99006736417177
0;0;0;0;0;0;0;0;0;0;0;0
0;0;0;0;0;0;0;0;0;0;0;0
0.996366625867503;0.995774136348711;0.993681173578666;0.989439836078871;0.984505763907951;0.98001829420073;0.977935438968822;1.07781310612092;1.98149032515682;1.9846184405486;1.9811198931803;1.97633890945813
0;0;0;0;0;0;0;0;0;0;0;0
0;0;0;0;0;0;0;0;0;0;0;0
0.996171137357264;0.994101361052997;0.995101176047824;0.995644780180973;0.99129382610625;0.98807107835549;0.993094354509739;1.08626786044572;1.99203348684906;1.98701702911366;1.99031966248374;1.99006736417167
0;0;0;0;0;0;0;0;0;0;0;0
0;0;0;0;0;0;0;0;0;0;0;0
0.997807378427365;0.999047678491106;1.00423649251357;1.01093714597133;1.01454429884192;1.02167966628354;1.02658520479579;1.1046091628827;2.0146141697013;2.00838099515629;2.01583561620507;2.02263135649659
0;0;0;0;0;0;0;0;0;0;0;0
0;0;0;0;0;0;0;0;0;0;0;0
0.997496967437755;0.99691566784229;0.996805355618671;0.997145517857232;1.0002946470248;1.0019502529672;1.00020868381906;1.08889477068388;1.99655602398825;1.99575185914965;1.99470601393408;1.99562649842577
0;0;0;0;0;0;0;0;0;0;0;0
0;0;0;0;0;0;0;0;0;0;0;0
0.99749696743775;0.99691566784228;0.996805355618604;0.997145517857161;1.00029464702265;1.0019502529653;1.00020868381669;1.08889477068202;1.9965560239862;1.99575185914776;1.99470601393212;1.99562649842358
0;0;0;0;0;0;0;0;0;0;0;0
0;0;0;0;0;0;0;0;0;0;0;0
0.997496967437755;0.996915667842231;0.996805355618599;0.997145517857116;1.00029464702246;1.00195025296504;1.00020868381655;1.08889477068185;1.99655602398611;1.99575185914765;1.99470601393207;1.99562649842344
0;0;0;0;0;0;0;0;0;0;0;0
0;0;0;0;0;0;0;0;0;0;0;0
0.997460061263676;0.992355367590705;0.985886383229873;0.982030435131353;0.98381880621212;0.979998918828675;0.975507760416378;1.07184607775663;1.97979435975268;1.97685895409895;1.9687384158687;1.96592149941419
0;0;0;0;0;0;0;0;0;0;0;0
0;0;0;0;0;0;0;0;0;0;0;0
0.997496967437756;0.996915667842271;0.996805355618646;0.997145517857161;1.00029464702528;1.0019502529673;1.00020868381967;1.08889477068468;1.99655602398887;1.99575185915035;1.99470601393476;1.99562649842657
0;0;0;0;0;0;0;0;0;0;0;0
0;0;0;0;0;0;0;0;0;0;0;0
0.997807378427365;0.999047678490714;1.00423649251318;1.01093714597098;1.01454429884148;1.02167966628378;1.02658520479547;1.10460916288253;2.01461416970102;2.00838099515592;2.01583561620457;2.02263135649623
0;0;0;0;0;0;0;0;0;0;0;0
0;0;0;0;0;0;0;0;0;0;0;0
0.997496967437754;0.996915667842257;0.996805355618677;0.997145517857212;1.00029464702524;1.00195025296785;1.00020868381937;1.08889477068401;1.99655602398829;1.9957518591498;1.99470601393411;1.99562649842595
0;0;0;0;0;0;0;0;0;0;0;0
0;0;0;0;0;0;0;0;0;0;0;0
0.997496967437752;0.996915667842303;0.996805355618689;0.997145517857159;1.00029464702581;1.00195025296791;1.00020868381959;1.08889477068438;1.99655602398877;1.9957518591504;1.99470601393472;1.99562649842647
0;0;0;0;0;0;0;0;0;0;0;0
0;0;0;0;0;0;0;0;0;0;0;0
0.997807378427366;0.999047678491083;1.0042364925135;1.01093714597121;1.01454429884199;1.021679666284;1.026585204796;1.10460916288282;2.01461416970121;2.00838099515654;2.01583561620507;2.02263135649654
0;0;0;0;0;0;0;0;0;0;0;0
0;0;0;0;0;0;0;0;0;0;0;0
0.996171137357283;0.994101361052961;0.995101176047799;0.99564478018091;0.991293826108669;0.988071078357491;0.993094354511304;1.08626786044725;1.99203348685049;1.98701702911516;1.99031966248543;1.99006736417341
0;0;0;0;0;0;0;0;0;0;0;0
0;0;0;0;0;0;0;0;0;0;0;0
0.996366625867494;0.995774136348748;0.993681173578745;0.989439836078944;0.984505763909328;0.980018294202188;0.977935438969465;1.07781310612129;1.98149032515728;1.9846184405492;1.98111989318081;1.97633890945888
0;0;0;0;0;0;0;0;0;0;0;0
0;0;0;0;0;0;0;0;0;0;0;0
0.996366625867499;0.995774136348745;0.993681173578754;0.98943983607884;0.984505763908737;0.980018294201863;0.977935438969088;1.07781310612095;1.98149032515704;1.98461844054893;1.98111989318063;1.97633890945845
0;0;0;0;0;0;0;0;0;0;0;0
0;0;0;0;0;0;0;0;0;0;0;0
0.996171137357277;0.994101361053148;0.995101176047965;0.995644780181048;0.991293826109089;0.988071078357934;0.993094354511908;1.08626786044796;1.99203348685137;1.98701702911593;1.99031966248603;1.99006736417425
0;0;0;0;0;0;0;0;0;0;0;0
0;0;0;0;0;0;0;0;0;0;0;0
0.996366625867502;0.995774136348734;0.99368117357869;0.989439836078867;0.984505763908029;0.980018294201519;0.97793543896887;1.07781310612083;1.98149032515681;1.98461844054873;1.98111989318033;1.97633890945832
0;0;0;0;0;0;0;0;0;0;0;0
0;0;0;0;0;0;0;0;0;0;0;0
0.996171137357275;0.994101361052971;0.995101176047786;0.995644780180976;0.991293826107894;0.988071078357473;0.993094354510555;1.08626786044667;1.99203348684998;1.98701702911435;1.99031966248445;1.99006736417263
0;0;0;0;0;0;0;0;0;0;0;0
0;0;0;0;0;0;0;0;0;0;0;0
0.997807378427368;0.999047678491108;1.00423649251357;1.01093714597133;1.01454429884191;1.02167966628354;1.02658520479579;1.1046091628827;2.0146141697013;2.00838099515628;2.01583561620506;2.02263135649658
0;0;0;0;0;0;0;0;0;0;0;0
0;0;0;0;0;0;0;0;0;0;0;0
0.997496967437757;0.996915667842294;0.996805355618678;0.997145517857238;1.0002946470248;1.0019502529672;1.00020868381906;1.08889477068388;1.99655602398826;1.99575185914965;1.99470601393409;1.99562649842578
0;0;0;0;0;0;0;0;0;0;0;0
0;0;0;0;0;0;0;0;0;0;0;0
0.997496967437752;0.996915667842281;0.996805355618609;0.997145517857168;1.00029464702265;1.00195025296531;1.0002086838167;1.08889477068203;1.99655602398622;1.99575185914777;1.99470601393214;1.9956264984236
0;0;0;0;0;0;0;0;0;0;0;0
0;0;0;0;0;0;0;0;0;0;0;0
0.997496967437753;0.996915667842228;0.996805355618595;0.997145517857109;1.00029464702246;1.00195025296503;1.00020868381655;1.08889477068184;1.99655602398611;1.99575185914765;1.99470601393207;1.99562649842345
0;0;0;0;0;0;0;0;0;0;0;0
0;0;0;0;0;0;0;0;0;0;0;0
0.997460061263675;0.992355367590707;0.985886383229876;0.982030435131358;0.983818806212129;0.979998918828686;0.975507760416389;1.07184607775664;1.97979435975269;1.97685895409897;1.96873841586871;1.9659214994142
0;0;0;0;0;0;0;0;0;0;0;0
0;0;0;0;0;0;0;0;0;0;0;0
0.997496967437761;0.996915667842279;0.996805355618656;0.99714551785717;1.00029464702528;1.00195025296732;1.00020868381969;1.0888947706847;1.9965560239889;1.99575185915037;1.99470601393478;1.9956264984266
0;0;0;0;0;0;0;0;0;0;0;0
0;0;0;0;0;0;0;0;0;0;0;0
0.99780737842737;0.999047678490718;1.00423649251318;1.01093714597098;1.01454429884148;1.02167966628378;1.02658520479547;1.10460916288253;2.01461416970103;2.00838099515592;2.01583561620457;2.02263135649624
0;0;0;0;0;0;0;0;0;0;0;0
0;0;0;0;0;0;0;0;0;0;0;0
0.997496967437753;0.996915667842252;0.996805355618673;0.99714551785721;1.00029464702523;1.00195025296785;1.00020868381937;1.08889477068401;1.99655602398829;1.9957518591498;1.99470601393411;1.99562649842597
0;0;0;0;0;0;0;0;0;0;0;0
0;0;0;0;0;0;0;0;0;0;0;0
0.997496967437749;0.9969156678423;0.996805355618685;0.997145517857156;1.0002946470258;1.0019502529679;1.00020868381958;1.08889477068436;1.99655602398875;1.99575185915038;1.99470601393469;1.99562649842645
0;0;0;0;0;0;0;0;0;0;0;0
0;0;0;0;0;0;0;0;0;0;0;0
0.997807378427368;0.999047678491085;1.0042364925135;1.01093714597121;1.01454429884199;1.021679666284;1.026585204796;1.10460916288281;2.01461416970121;2.00838099515653;2.01583561620507;2.02263135649655
0;0;0;0;0;0;0;0;0;0;0;0
0;0;0;0;0;0;0;0;0;0;0;0
0.996171137357279;0.994101361052959;0.995101176047797;0.995644780180908;0.991293826108666;0.988071078357484;0.993094354511295;1.08626786044724;1.99203348685047;1.98701702911517;1.99031966248543;1.9900673641734
0;0;0;0;0;0;0;0;0;0;0;0
0;0;0;0;0;0;0;0;0;0;0;0
0.996366625867498;0.995774136348751;0.99368117357875;0.989439836078949;0.984505763909333;0.980018294202197;0.977935438969479;1.0778131061213;1.98149032515729;1.98461844054921;1.98111989318081;1.97633890945889
0;0;0;0;0;0;0;0;0;0;0;0
0;0;0;0;0;0;0;0;0;0;0;0
0.996366625867496;0.995774136348741;0.993681173578745;0.989439836078832;0.984505763908727;0.980018294201852;0.97793543896908;1.07781310612094;1.98149032515702;1.98461844054891;1.98111989318061;1.97633890945842
0;0;0;0;0;0;0;0;0;0;0;0
0;0;0;0;0;0;0;0;0;0;0;0
0.996171137357275;0.994101361053147;0.99510117604796;0.995644780181039;0.991293826109081;0.988071078357922;0.993094354511896;1.08626786044794;1.99203348685135;1.98701702911592;1.990319662486;1.99006736417421
0;0;0;0;0;0;0;0;0;0;0;0
0;0;0;0;0;0;0;0;0;0;0;0
0.996366625867503;0.995774136348732;0.993681173578687;0.989439836078866;0.984505763908029;0.980018294201516;0.977935438968867;1.07781310612083;1.98149032515681;1.98461844054874;1.98111989318034;1.97633890945833
0;0;0;0;0;0;0;0;0;0;0;0
0;0;0;0;0;0;0;0;0;0;0;0
0.996171137357271;0.994101361052963;0.995101176047777;0.995644780180969;0.99129382610789;0.988071078357466;0.993094354510548;1.08626786044667;1.99203348684997;1.98701702911433;1.99031966248443;1.99006736417259
0;0;0;0;0;0;0;0;0;0;0;0
0;0;0;0;0;0;0;0;0;0;0;0
0.997807378427369;0.999047678491109;1.00423649251358;1.01093714597134;1.01454429884193;1.02167966628355;1.02658520479581;1.10460916288271;2.01461416970131;2.0083809951563;2.01583561620507;2.02263135649659
0;0;0;0;0;0;0;0;0;0;0;0
0;0;0;0;0;0;0;0;0;0;0;0
0.997496967437758;0.99691566784229;0.996805355618678;0.997145517857239;1.0002946470248;1.0019502529672;1.00020868381907;1.08889477068389;1.99655602398825;1.99575185914965;1.99470601393408;1.99562649842577
0;0;0;0;0;0;0;0;0;0;0;0
0;0;0;0;0;0;0;0;0;0;0;0
0.997496967437753;0.99691566784228;0.996805355618604;0.997145517857162;1.00029464702265;1.0019502529653;1.00020868381669;1.08889477068202;1.99655602398621;1.99575185914777;1.99470601393213;1.9956264984236
0;0;0;0;0;0;0;0;0;0;0;0
0;0;0;0;0;0;0;0;0;0;0;0
0.997496967437758;0.996915667842228;0.996805355618597;0.997145517857107;1.00029464702245;1.00195025296503;1.00020868381655;1.08889477068185;1.99655602398611;1.99575185914766;1.99470601393207;1.99562649842345
0;0;0;0;0;0;0;0;0;0;0;0
0;0;0;0;0;0;0;0;0;0;0;0
0.997460061263678;0.992355367590708;0.985886383229879;0.98203043513136;0.983818806212131;0.979998918828688;0.975507760416389;1.07184607775664;1.9797943597527;1.97685895409897;1.96873841586871;1.96592149941421
0;0;0;0;0;0;0;0;0;0;0;0
0;0;0;0;0;0;0;0;0;0;0;0
0.997496967437759;0.99691566784228;0.996805355618651;0.997145517857168;1.00029464702529;1.00195025296733;1.0002086838197;1.08889477068471;1.99655602398891;1.99575185915038;1.99470601393478;1.9956264984266
0;0;0;0;0;0;0;0;0;0;0;0
0;0;0;0;0;0;0;0;0;0;0;0
0.997807378427368;0.999047678490713;1.00423649251319;1.01093714597098;1.01454429884149;1.02167966628378;1.02658520479547;1.10460916288254;2.01461416970104;2.00838099515593;2.01583561620458;2.02263135649624
0;0;0;0;0;0;0;0;0;0;0;0
0;0;0;0;0;0;0;0;0;0;0;0
0.997496967437755;0.996915667842253;0.996805355618676;0.99714551785721;1.00029464702523;1.00195025296784;1.00020868381937;1.08889477068401;1.99655602398829;1.9957518591498;1.99470601393411;1.99562649842596
0;0;0;0;0;0;0;0;0;0;0;0
0;0;0;0;0;0;0;0;0;0;0;0
0.997496967437749;0.9969156678423;0.996805355618685;0.997145517857158;1.0002946470258;1.0019502529679;1.00020868381958;1.08889477068437;1.99655602398877;1.9957518591504;1.99470601393471;1.99562649842647
0;0;0;0;0;0;0;0;0;0;0;0
0;0;0;0;0;0;0;0;0;0;0;0
0.997807378427366;0.999047678491084;1.0042364925135;1.01093714597121;1.014544298842;1.02167966628402;1.02658520479601;1.10460916288284;2.01461416970123;2.00838099515655;2.01583561620508;2.02263135649656
0;0;0;0;0;0;0;0;0;0;0;0
0;0;0;0;0;0;0;0;0;0;0;0
0.996171137357281;0.994101361052963;0.9951011760478;0.995644780180908;0.991293826108664;0.988071078357481;0.993094354511292;1.08626786044723;1.99203348685047;1.98701702911514;1.9903196624854;1.99006736417337
0;0;0;0;0;0;0;0;0;0;0;0
0;0;0;0;0;0;0;0;0;0;0;0
0.996366625867496;0.995774136348756;0.993681173578753;0.989439836078956;0.984505763909343;0.980018294202208;0.977935438969488;1.07781310612131;1.98149032515731;1.98461844054922;1.98111989318083;1.97633890945892
0;0;0;0;0;0;0;0;0;0;0;0
0;0;0;0;0;0;0;0;0;0;0;0
0.996366625867491;0.995774136348734;0.993681173578739;0.989439836078822;0.984505763908713;0.980018294201837;0.977935438969063;1.07781310612092;1.98149032515701;1.98461844054889;1.9811198931806;1.97633890945841
0;0;0;0;0;0;0;0;0;0;0;0
0;0;0;0;0;0;0;0;0;0;0;0
0.996171137357271;0.994101361053147;0.995101176047957;0.995644780181041;0.991293826109081;0.988071078357927;0.993094354511896;1.08626786044794;1.99203348685135;1.98701702911591;1.990319662486;1.99006736417422
0;0;0;0;0;0;0;0;0;0;0;0
0;0;0;0;0;0;0;0;0;0;0;0
0.996366625867502;0.995774136348733;0.993681173578687;0.989439836078864;0.984505763908024;0.980018294201514;0.977935438968866;1.07781310612082;1.9814903251568;1.98461844054873;1.98111989318033;1.97633890945831
0;0;0;0;0;0;0;0;0;0;0;0
0;0;0;0;0;0;0;0;0;0;0;0
0.996171137357277;0.994101361052971;0.995101176047793;0.995644780180982;0.991293826107897;0.988071078357471;0.993094354510551;1.08626786044667;1.99203348684996;1.98701702911433;1.99031966248444;1.99006736417259
0;0;0;0;0;0;0;0;0;0;0;0
0;0;0;0;0;0;0;0;0;0;0;0
0.997807378427367;0.999047678491105;1.00423649251357;1.01093714597133;1.01454429884191;1.02167966628353;1.02658520479578;1.10460916288269;2.01461416970128;2.00838099515626;2.01583561620504;2.02263135649656
0;0;0;0;0;0;0;0;0;0;0;0
0;0;0;0;0;0;0;0;0;0;0;0
0.997496967437756;0.996915667842287;0.996805355618673;0.997145517857233;1.0002946470248;1.00195025296719;1.00020868381905;1.08889477068388;1.99655602398824;1.99575185914963;1.99470601393407;1.99562649842575
0;0;0;0;0;0;0;0;0;0;0;0
0;0;0;0;0;0;0;0;0;0;0;0
0.997496967437752;0.996915667842281;0.996805355618609;0.997145517857167;1.00029464702265;1.00195025296531;1.00020868381669;1.08889477068202;1.9965560239862;1.99575185914776;1.99470601393211;1.99562649842358
0;0;0;0;0;0;0;0;0;0;0;0
0;0;0;0;0;0;0;0;0;0;0;0
0.997496967437755;0.996915667842228;0.996805355618596;0.997145517857107;1.00029464702245;1.00195025296502;1.00020868381654;1.08889477068184;1.99655602398609;1.99575185914763;1.99470601393205;1.99562649842342
0;0;0;0;0;0;0;0;0;0;0;0
0;0;0;0;0;0;0;0;0;0;0;0
0.997460061263678;0.992355367590708;0.985886383229882;0.982030435131363;0.983818806212133;0.979998918828691;0.975507760416392;1.07184607775665;1.9797943597527;1.97685895409897;1.9687384158687;1.9659214994142
0;0;0;0;0;0;0;0;0;0;0;0
0;0;0;0;0;0;0;0;0;0;0;0
0.997496967437758;0.996915667842275;0.99680535561865;0.997145517857164;1.00029464702528;1.00195025296731;1.00020868381969;1.0888947706847;1.99655602398889;1.99575185915037;1.99470601393477;1.99562649842659
0;0;0;0;0;0;0;0;0;0;0;0
0;0;0;0;0;0;0;0;0;0;0;0
0.997807378427367;0.999047678490716;1.00423649251318;1.01093714597098;1.01454429884148;1.02167966628378;1.02658520479547;1.10460916288253;2.01461416970103;2.00838099515592;2.01583561620457;2.02263135649623
0;0;0;0;0;0;0;0;0;0;0;0
0;0;0;0;0;0;0;0;0;0;0;0
0.997496967437755;0.996915667842253;0.996805355618674;0.997145517857207;1.00029464702523;1.00195025296784;1.00020868381937;1.08889477068401;1.99655602398828;1.99575185914979;1.9947060139341;1.99562649842595
0;0;0;0;0;0;0;0;0;0;0;0
0;0;0;0;0;0;0;0;0;0;0;0
0.997496967437746;0.996915667842297;0.99680535561868;0.99714551785715;1.00029464702579;1.00195025296789;1.00020868381958;1.08889477068435;1.99655602398874;1.99575185915037;1.99470601393469;1.99562649842644
0;0;0;0;0;0;0;0;0;0;0;0
0;0;0;0;0;0;0;0;0;0;0;0
0.997807378427367;0.999047678491087;1.0042364925135;1.01093714597121;1.01454429884199;1.021679666284;1.026585204796;1.10460916288282;2.0146141697012;2.00838099515653;2.01583561620506;2.02263135649654
0;0;0;0;0;0;0;0;0;0;0;0
0;0;0;0;0;0;0;0;0;0;0;0
0.996171137357281;0.994101361052963;0.9951011760478;0.995644780180911;0.991293826108669;0.988071078357489;0.993094354511304;1.08626786044725;1.99203348685049;1.98701702911517;1.99031966248544;1.99006736417341
0;0;0;0;0;0;0;0;0;0;0;0
0;0;0;0;0;0;0;0;0;0;0;0
0.996366625867496;0.995774136348753;0.993681173578747;0.98943983607895;0.984505763909341;0.980018294202204;0.977935438969488;1.07781310612131;1.98149032515731;1.98461844054923;1.98111989318084;1.97633890945892
0;0;0;0;0;0;0;0;0;0;0;0
0;0;0;0;0;0;0;0;0;0;0;0
0.996366625867495;0.995774136348744;0.993681173578746;0.98943983607883;0.984505763908724;0.980018294201851;0.977935438969077;1.07781310612094;1.98149032515703;1.98461844054892;1.98111989318063;1.97633890945844
0;0;0;0;0;0;0;0;0;0;0;0
0;0;0;0;0;0;0;0;0;0;0;0
0.996171137357277;0.994101361053149;0.995101176047962;0.995644780181044;0.991293826109083;0.988071078357926;0.993094354511897;1.08626786044795;1.99203348685136;1.98701702911593;1.99031966248602;1.99006736417424
0;0;0;0;0;0;0;0;0;0;0;0
0;0;0;0;0;0;0;0;0;0;0;0
0.996366625867503;0.995774136348735;0.993681173578691;0.98943983607887;0.984505763908033;0.980018294201523;0.977935438968873;1.07781310612083;1.98149032515681;1.98461844054874;1.98111989318034;1.97633890945832
0;0;0;0;0;0;0;0;0;0;0;0
0;0;0;0;0;0;0;0;0;0;0;0
0.996171137357276;0.994101361052969;0.99510117604779;0.995644780180981;0.991293826107899;0.988071078357481;0.99309435451056;1.08626786044669;1.99203348684999;1.98701702911435;1.99031966248445;1.99006736417261
0;0;0;0;0;0;0;0;0;0;0;0
0;0;0;0;0;0;0;0;0;0;0;0
0.997807378427369;0.999047678491015;1.00423649251348;1.01093714597118;1.01454429884195;1.02167966628383;1.02658520479531;1.10460916288269;2.01461416970118;2.00838099515601;2.0158356162048;2.02263135649623
0;0;0;0;0;0;0;0;0;0;0;0
0;0;0;0;0;0;0;0;0;0;0;0
0.997496967437757;0.996915667842279;0.996805355618667;0.997145517857105;1.00029464702623;1.00195025296869;1.00020868382044;1.08889477068506;1.99655602398952;1.99575185915083;1.99470601393526;1.99562649842701
0;0;0;0;0;0;0;0;0;0;0;0
0;0;0;0;0;0;0;0;0;0;0;0
0.997496967437758;0.996915667842294;0.996805355618673;0.997145517857177;1.00029464702435;1.00195025296628;1.0002086838175;1.08889477068236;1.99655602398679;1.99575185914821;1.99470601393263;1.99562649842418
0;0;0;0;0;0;0;0;0;0;0;0
0;0;0;0;0;0;0;0;0;0;0;0
0.997496967437762;0.996915667842267;0.996805355618612;0.997145517857125;1.00029464702396;1.00195025296637;1.00020868381777;1.08889477068292;1.99655602398716;1.9957518591487;1.99470601393306;1.99562649842458
0;0;0;0;0;0;0;0;0;0;0;0
0;0;0;0;0;0;0;0;0;0;0;0
0.997460061263673;0.992355367590717;0.985886383229894;0.98203043513124;0.983818806211684;0.9799989188283;0.975507760416189;1.07184607775605;1.97979435975232;1.97685895409865;1.96873841586839;1.96592149941367
0;0;0;0;0;0;0;0;0;0;0;0
0;0;0;0;0;0;0;0;0;0;0;0
0.997496967437752;0.996915667842272;0.996805355618695;0.997145517857173;1.00029464702416;1.00195025296698;1.0002086838191;1.0888947706841;1.99655602398836;1.99575185914988;1.99470601393436;1.99562649842596
0;0;0;0;0;0;0;0;0;0;0;0
0;0;0;0;0;0;0;0;0;0;0;0
0.997807378427386;0.99904767849091;1.00423649251337;1.01093714597114;1.01454429884177;1.02167966628408;1.02658520479567;1.10460916288293;2.01461416970146;2.00838099515646;2.01583561620498;2.02263135649665
0;0;0;0;0;0;0;0;0;0;0;0
0;0;0;0;0;0;0;0;0;0;0;0
0.997496967437764;0.996915667842322;0.996805355618728;0.997145517857295;1.00029464702552;1.00195025296804;1.00020868381926;1.08889477068399;1.99655602398833;1.99575185914994;1.99470601393432;1.99562649842622
0;0;0;0;0;0;0;0;0;0;0;0
0;0;0;0;0;0;0;0;0;0;0;0
0.997496967437737;0.996915667842274;0.996805355618685;0.997145517857268;1.00029464702529;1.00195025296775;1.00020868381896;1.08889477068395;1.99655602398825;1.9957518591499;1.99470601393428;1.99562649842591
0;0;0;0;0;0;0;0;0;0;0;0
0;0;0;0;0;0;0;0;0;0;0;0
0.997807378427358;0.999047678490855;1.00423649251324;1.010937145971;1.01454429884167;1.02167966628356;1.02658520479568;1.10460916288234;2.01461416970085;2.00838099515589;2.0158356162044;2.02263135649594
0;0;0;0;0;0;0;0;0;0;0;0
0;0;0;0;0;0;0;0;0;0;0;0
0.996171137357278;0.994101361052985;0.995101176047799;0.995644780180994;0.991293826107844;0.988071078357086;0.993094354511269;1.08626786044721;1.99203348685029;1.98701702911521;1.99031966248548;1.99006736417335
0;0;0;0;0;0;0;0;0;0;0;0
0;0;0;0;0;0;0;0;0;0;0;0
0.996366625867499;0.995774136348762;0.993681173578773;0.989439836079035;0.984505763908951;0.980018294201919;0.977935438969286;1.07781310612126;1.98149032515724;1.98461844054913;1.98111989318077;1.97633890945882
0;0;0;0;0;0;0;0;0;0;0;0
0;0;0;0;0;0;0;0;0;0;0;0
0.996366625867496;0.995774136348714;0.993681173578688;0.989439836078906;0.984505763909234;0.980018294202072;0.977935438969375;1.07781310612138;1.98149032515735;1.98461844054909;1.98111989318072;1.97633890945887
0;0;0;0;0;0;0;0;0;0;0;0
0;0;0;0;0;0;0;0;0;0;0;0
0.996171137357247;0.994101361052998;0.995101176047816;0.995644780180888;0.991293826108409;0.988071078357353;0.99309435451118;1.08626786044716;1.99203348685035;1.98701702911497;1.99031966248511;1.99006736417316
0;0;0;0;0;0;0;0;0;0;0;0
0;0;0;0;0;0;0;0;0;0;0;0
0.996366625867505;0.99577413634872;0.993681173578668;0.989439836078668;0.984505763908051;0.980018294201188;0.977935438968842;1.07781310612089;1.98149032515687;1.98461844054859;1.98111989318021;1.97633890945797
0;0;0;0;0;0;0;0;0;0;0;0
0;0;0;0;0;0;0;0;0;0;0;0
0.996171137357298;0.994101361053082;0.995101176047905;0.995644780181056;0.991293826108482;0.988071078357459;0.993094354511121;1.08626786044722;1.99203348685056;1.9870170291151;1.99031966248524;1.99006736417341
0;0;0;0;0;0;0;0;0;0;0;0
0;0;0;0;0;0;0;0;0;0;0;0
0.99780737842737;0.999047678491018;1.00423649251349;1.01093714597119;1.01454429884196;1.02167966628384;1.02658520479532;1.10460916288271;2.01461416970119;2.00838099515602;2.01583561620481;2.02263135649623
0;0;0;0;0;0;0;0;0;0;0;0
0;0;0;0;0;0;0;0;0;0;0;0
0.99749696743776;0.996915667842276;0.996805355618663;0.997145517857104;1.00029464702623;1.0019502529687;1.00020868382045;1.08889477068507;1.99655602398953;1.99575185915085;1.99470601393528;1.99562649842703
0;0;0;0;0;0;0;0;0;0;0;0
0;0;0;0;0;0;0;0;0;0;0;0
0.997496967437762;0.996915667842296;0.996805355618679;0.997145517857181;1.00029464702436;1.00195025296628;1.00020868381751;1.08889477068237;1.99655602398679;1.99575185914821;1.99470601393264;1.99562649842418
0;0;0;0;0;0;0;0;0;0;0;0
0;0;0;0;0;0;0;0;0;0;0;0
0.997496967437764;0.996915667842266;0.996805355618607;0.997145517857121;1.00029464702395;1.00195025296636;1.00020868381776;1.08889477068291;1.99655602398715;1.99575185914869;1.99470601393305;1.99562649842458
0;0;0;0;0;0;0;0;0;0;0;0
0;0;0;0;0;0;0;0;0;0;0;0
0.997460061263674;0.992355367590715;0.985886383229891;0.982030435131239;0.98381880621168;0.979998918828295;0.97550776041619;1.07184607775605;1.97979435975232;1.97685895409864;1.96873841586838;1.96592149941365
0;0;0;0;0;0;0;0;0;0;0;0
0;0;0;0;0;0;0;0;0;0;0;0
0.99749696743775;0.996915667842269;0.996805355618689;0.997145517857169;1.00029464702416;1.00195025296697;1.00020868381909;1.08889477068409;1.99655602398834;1.99575185914987;1.99470601393434;1.99562649842594
0;0;0;0;0;0;0;0;0;0;0;0
0;0;0;0;0;0;0;0;0;0;0;0
0.997807378427387;0.99904767849091;1.00423649251337;1.01093714597114;1.01454429884176;1.02167966628407;1.02658520479567;1.10460916288294;2.01461416970148;2.00838099515649;2.01583561620501;2.0226313564967
0;0;0;0;0;0;0;0;0;0;0;0
0;0;0;0;0;0;0;0;0;0;0;0
0.997496967437762;0.996915667842319;0.996805355618724;0.99714551785729;1.00029464702552;1.00195025296803;1.00020868381925;1.08889477068399;1.99655602398833;1.99575185914993;1.99470601393431;1.99562649842621
0;0;0;0;0;0;0;0;0;0;0;0
0;0;0;0;0;0;0;0;0;0;0;0
0.997496967437738;0.996915667842274;0.996805355618684;0.997145517857266;1.00029464702529;1.00195025296774;1.00020868381895;1.08889477068394;1.99655602398824;1.99575185914988;1.99470601393426;1.99562649842589
0;0;0;0;0;0;0;0;0;0;0;0
0;0;0;0;0;0;0;0;0;0;0;0
0.997807378427358;0.999047678490854;1.00423649251325;1.01093714597099;1.01454429884166;1.02167966628354;1.02658520479567;1.10460916288232;2.01461416970085;2.00838099515589;2.0158356162044;2.02263135649596
0;0;0;0;0;0;0;0;0;0;0;0
0;0;0;0;0;0;0;0;0;0;0;0
0.996171137357275;0.994101361052984;0.995101176047796;0.995644780180992;0.991293826107841;0.988071078357081;0.993094354511264;1.08626786044721;1.9920334868503;1.98701702911523;1.9903196624855;1.99006736417337
0;0;0;0;0;0;0;0;0;0;0;0
0;0;0;0;0;0;0;0;0;0;0;0
0.996366625867493;0.995774136348761;0.99368117357877;0.989439836079025;0.984505763908939;0.98001829420191;0.977935438969268;1.07781310612124;1.98149032515721;1.98461844054911;1.98111989318074;1.9763389094588
0;0;0;0;0;0;0;0;0;0;0;0
0;0;0;0;0;0;0;0;0;0;0;0
0.996366625867495;0.995774136348715;0.993681173578689;0.989439836078906;0.984505763909237;0.980018294202079;0.977935438969377;1.07781310612139;1.98149032515736;1.98461844054909;1.98111989318073;1.97633890945888
0;0;0;0;0;0;0;0;0;0;0;0
0;0;0;0;0;0;0;0;0;0;0;0
0.996171137357248;0.994101361053002;0.995101176047822;0.995644780180896;0.991293826108419;0.988071078357358;0.993094354511187;1.08626786044717;1.99203348685036;1.98701702911497;1.9903196624851;1.99006736417313
0;0;0;0;0;0;0;0;0;0;0;0
0;0;0;0;0;0;0;0;0;0;0;0
0.996366625867504;0.995774136348721;0.99368117357867;0.98943983607867;0.984505763908052;0.980018294201191;0.977935438968844;1.0778131061209;1.98149032515688;1.9846184405486;1.98111989318022;1.97633890945799
0;0;0;0;0;0;0;0;0;0;0;0
0;0;0;0;0;0;0;0;0;0;0;0
0.996171137357297;0.994101361053083;0.995101176047903;0.995644780181057;0.991293826108485;0.988071078357467;0.993094354511121;1.08626786044722;1.99203348685056;1.9870170291151;1.99031966248524;1.99006736417341
0;0;0;0;0;0;0;0;0;0;0;0
0;0;0;0;0;0;0;0;0;0;0;0
0.997807378427369;0.999047678491014;1.00423649251349;1.01093714597119;1.01454429884195;1.02167966628384;1.02658520479531;1.1046091628827;2.01461416970119;2.00838099515602;2.01583561620482;2.02263135649624
0;0;0;0;0;0;0;0;0;0;0;0
0;0;0;0;0;0;0;0;0;0;0;0
0.997496967437759;0.99691566784228;0.996805355618669;0.99714551785711;1.00029464702623;1.0019502529687;1.00020868382045;1.08889477068507;1.99655602398954;1.99575185915085;1.99470601393529;1.99562649842704
0;0;0;0;0;0;0;0;0;0;0;0
0;0;0;0;0;0;0;0;0;0;0;0
0.997496967437761;0.996915667842295;0.996805355618673;0.997145517857177;1.00029464702435;1.00195025296628;1.00020868381751;1.08889477068237;1.99655602398679;1.99575185914822;1.99470601393265;1.99562649842419
0;0;0;0;0;0;0;0;0;0;0;0
0;0;0;0;0;0;0;0;0;0;0;0
0.997496967437764;0.996915667842267;0.996805355618612;0.997145517857124;1.00029464702395;1.00195025296636;1.00020868381776;1.08889477068291;1.99655602398716;1.99575185914871;1.99470601393307;1.99562649842461
0;0;0;0;0;0;0;0;0;0;0;0
0;0;0;0;0;0;0;0;0;0;0;0
0.997460061263675;0.992355367590716;0.985886383229893;0.98203043513124;0.983818806211679;0.979998918828296;0.975507760416186;1.07184607775604;1.97979435975231;1.97685895409863;1.96873841586838;1.96592149941366
0;0;0;0;0;0;0;0;0;0;0;0
0;0;0;0;0;0;0;0;0;0;0;0
0.997496967437747;0.996915667842262;0.996805355618681;0.997145517857159;1.00029464702414;1.00195025296695;1.00020868381907;1.08889477068407;1.99655602398833;1.99575185914986;1.99470601393433;1.99562649842592
0;0;0;0;0;0;0;0;0;0;0;0
0;0;0;0;0;0;0;0;0;0;0;0
0.997807378427384;0.999047678490907;1.00423649251337;1.01093714597114;1.01454429884176;1.02167966628407;1.02658520479566;1.10460916288292;2.01461416970145;2.00838099515646;2.01583561620498;2.02263135649665
0;0;0;0;0;0;0;0;0;0;0;0
0;0;0;0;0;0;0;0;0;0;0;0
0.997496967437761;0.996915667842318;0.996805355618724;0.997145517857287;1.00029464702551;1.00195025296803;1.00020868381925;1.08889477068398;1.99655602398832;1.99575185914993;1.99470601393431;1.99562649842621
0;0;0;0;0;0;0;0;0;0;0;0
0;0;0;0;0;0;0;0;0;0;0;0
0.997496967437739;0.996915667842276;0.996805355618685;0.997145517857268;1.00029464702529;1.00195025296774;1.00020868381895;1.08889477068394;1.99655602398825;1.99575185914989;1.99470601393428;1.99562649842591
0;0;0;0;0;0;0;0;0;0;0;0
0;0;0;0;0;0;0;0;0;0;0;0
0.997807378427357;0.999047678490855;1.00423649251325;1.01093714597099;1.01454429884166;1.02167966628354;1.02658520479567;1.10460916288233;2.01461416970085;2.0083809951559;2.0158356162044;2.02263135649595
0;0;0;0;0;0;0;0;0;0;0;0
0;0;0;0;0;0;0;0;0;0;0;0
0.996171137357273;0.994101361052981;0.995101176047791;0.995644780180983;0.991293826107831;0.98807107835707;0.993094354511248;1.08626786044719;1.99203348685026;1.98701702911518;1.99031966248544;1.9900673641733
0;0;0;0;0;0;0;0;0;0;0;0
0;0;0;0;0;0;0;0;0;0;0;0
0.996366625867496;0.99577413634876;0.993681173578769;0.98943983607903;0.984505763908948;0.980018294201916;0.977935438969287;1.07781310612127;1.98149032515723;1.98461844054913;1.98111989318076;1.97633890945881
0;0;0;0;0;0;0;0;0;0;0;0
0;0;0;0;0;0;0;0;0;0;0;0
0.996366625867497;0.995774136348721;0.993681173578698;0.989439836078917;0.984505763909255;0.980018294202095;0.977935438969396;1.07781310612141;1.98149032515738;1.98461844054912;1.98111989318074;1.9763389094589
0;0;0;0;0;0;0;0;0;0;0;0
0;0;0;0;0;0;0;0;0;0;0;0
0.996171137357249;0.994101361053006;0.995101176047825;0.995644780180905;0.991293826108431;0.988071078357374;0.993094354511208;1.0862678604472;1.99203348685038;1.98701702911498;1.99031966248513;1.99006736417318
0;0;0;0;0;0;0;0;0;0;0;0
0;0;0;0;0;0;0;0;0;0;0;0
0.996366625867504;0.995774136348721;0.993681173578667;0.989439836078666;0.984505763908049;0.980018294201185;0.977935438968838;1.07781310612089;1.98149032515687;1.98461844054859;1.98111989318021;1.97633890945797
0;0;0;0;0;0;0;0;0;0;0;0
0;0;0;0;0;0;0;0;0;0;0;0
0.996171137357297;0.994101361053084;0.995101176047907;0.995644780181062;0.991293826108499;0.988071078357482;0.993094354511138;1.08626786044724;1.99203348685058;1.9870170291151;1.99031966248524;1.99006736417342
0;0;0;0;0;0;0;0;0;0;0;0
0;0;0;0;0;0;0;0;0;0;0;0
0.997807378427371;0.999047678491015;1.00423649251349;1.01093714597119;1.01454429884195;1.02167966628384;1.02658520479531;1.1046091628827;2.01461416970117;2.008380995156;2.01583561620479;2.02263135649622
0;0;0;0;0;0;0;0;0;0;0;0
0;0;0;0;0;0;0;0;0;0;0;0
0.997496967437756;0.99691566784227;0.996805355618659;0.997145517857101;1.00029464702623;1.00195025296869;1.00020868382044;1.08889477068506;1.99655602398953;1.99575185915085;1.99470601393528;1.99562649842703
0;0;0;0;0;0;0;0;0;0;0;0
0;0;0;0;0;0;0;0;0;0;0;0
0.997496967437759;0.996915667842296;0.996805355618678;0.997145517857178;1.00029464702435;1.00195025296628;1.00020868381751;1.08889477068237;1.99655602398679;1.99575185914822;1.99470601393264;1.99562649842419
0;0;0;0;0;0;0;0;0;0;0;0
0;0;0;0;0;0;0;0;0;0;0;0
0.997496967437765;0.996915667842265;0.996805355618608;0.997145517857122;1.00029464702395;1.00195025296636;1.00020868381776;1.08889477068291;1.99655602398717;1.99575185914871;1.99470601393307;1.9956264984246
0;0;0;0;0;0;0;0;0;0;0;0
0;0;0;0;0;0;0;0;0;0;0;0
0.997460061263672;0.992355367590715;0.985886383229893;0.982030435131241;0.983818806211684;0.9799989188283;0.975507760416192;1.07184607775605;1.97979435975233;1.97685895409865;1.96873841586838;1.96592149941366
0;0;0;0;0;0;0;0;0;0;0;0
0;0;0;0;0;0;0;0;0;0;0;0
0.997496967437747;0.996915667842263;0.996805355618684;0.997145517857164;1.00029464702415;1.00195025296696;1.00020868381907;1.08889477068407;1.99655602398833;1.99575185914986;1.99470601393433;1.99562649842592
0;0;0;0;0;0;0;0;0;0;0;0
0;0;0;0;0;0;0;0;0;0;0;0
0.997807378427383;0.999047678490901;1.00423649251336;1.01093714597113;1.01454429884175;1.02167966628406;1.02658520479566;1.10460916288292;2.01461416970145;2.00838099515646;2.01583561620497;2.02263135649665
0;0;0;0;0;0;0;0;0;0;0;0
0;0;0;0;0;0;0;0;0;0;0;0
0.997496967437763;0.996915667842319;0.996805355618725;0.997145517857289;1.00029464702551;1.00195025296803;1.00020868381925;1.08889477068398;1.99655602398833;1.99575185914994;1.99470601393432;1.99562649842622
0;0;0;0;0;0;0;0;0;0;0;0
0;0;0;0;0;0;0;0;0;0;0;0
0.997496967437738;0.996915667842272;0.996805355618683;0.997145517857267;1.00029464702529;1.00195025296774;1.00020868381894;1.08889477068394;1.99655602398823;1.99575185914988;1.99470601393426;1.99562649842589
0;0;0;0;0;0;0;0;0;0;0;0
0;0;0;0;0;0;0;0;0;0;0;0
0.997807378427356;0.99904767849085;1.00423649251324;1.01093714597099;1.01454429884166;1.02167966628355;1.02658520479567;1.10460916288233;2.01461416970084;2.00838099515589;2.0158356162044;2.02263135649594
0;0;0;0;0;0;0;0;0;0;0;0
0;0;0;0;0;0;0;0;0;0;0;0
0.996171137357277;0.994101361052986;0.995101176047795;0.995644780180987;0.991293826107834;0.988071078357073;0.993094354511254;1.08626786044719;1.99203348685028;1.98701702911519;1.99031966248546;1.99006736417332
0;0;0;0;0;0;0;0;0;0;0;0
0;0;0;0;0;0;0;0;0;0;0;0
0.996366625867498;0.995774136348764;0.993681173578774;0.989439836079032;0.984505763908945;0.980018294201915;0.977935438969278;1.07781310612125;1.98149032515722;1.98461844054911;1.98111989318075;1.97633890945881
0;0;0;0;0;0;0;0;0;0;0;0
0;0;0;0;0;0;0;0;0;0;0;0
0.996366625867499;0.995774136348718;0.993681173578692;0.989439836078912;0.984505763909246;0.98001829420209;0.977935438969392;1.07781310612141;1.98149032515737;1.9846184405491;1.98111989318074;1.9763389094589
0;0;0;0;0;0;0;0;0;0;0;0
0;0;0;0;0;0;0;0;0;0;0;0
0.996171137357246;0.994101361053006;0.995101176047826;0.995644780180903;0.99129382610843;0.988071078357369;0.993094354511197;1.08626786044718;1.99203348685036;1.98701702911497;1.99031966248511;1.99006736417315
0;0;0;0;0;0;0;0;0;0;0;0
0;0;0;0;0;0;0;0;0;0;0;0
0.996366625867506;0.995774136348725;0.993681173578671;0.989439836078671;0.984505763908054;0.980018294201194;0.977935438968847;1.0778131061209;1.98149032515688;1.9846184405486;1.98111989318022;1.97633890945799
0;0;0;0;0;0;0;0;0;0;0;0
0;0;0;0;0;0;0;0;0;0;0;0
0.996171137357295;0.994101361053086;0.995101176047907;0.995644780181057;0.991293826108486;0.988071078357462;0.99309435451113;1.08626786044723;1.99203348685058;1.9870170291151;1.99031966248525;1.99006736417343
0;0;0;0;0;0;0;0;0;0;0;0
0;0;0;0;0;0;0;0;0;0;0;0
0.997807378427377;0.999047678491079;1.00423649251353;1.01093714597128;1.01454429884173;1.02167966628368;1.02658520479568;1.10460916288296;2.0146141697015;2.00838099515636;2.01583561620527;2.02263135649667
0;0;0;0;0;0;0;0;0;0;0;0
0;0;0;0;0;0;0;0;0;0;0;0
0.997496967437772;0.996915667842276;0.996805355618666;0.997145517857226;1.00029464702465;1.00195025296723;1.00020868381912;1.08889477068375;1.99655602398816;1.99575185914951;1.99470601393391;1.99562649842565
0;0;0;0;0;0;0;0;0;0;0;0
0;0;0;0;0;0;0;0;0;0;0;0
0.997496967437766;0.996915667842282;0.996805355618625;0.99714551785715;1.00029464702273;1.0019502529648;1.00020868381638;1.08889477068173;1.99655602398603;1.99575185914744;1.99470601393185;1.99562649842326
0;0;0;0;0;0;0;0;0;0;0;0
0;0;0;0;0;0;0;0;0;0;0;0
0.99749696743775;0.996915667842242;0.996805355618591;0.997145517857109;1.00029464702417;1.00195025296682;1.00020868381808;1.08889477068325;1.99655602398744;1.99575185914901;1.99470601393341;1.99562649842492
0;0;0;0;0;0;0;0;0;0;0;0
0;0;0;0;0;0;0;0;0;0;0;0
0.997460061263682;0.992355367590726;0.985886383229882;0.982030435131446;0.983818806212064;0.979998918828545;0.975507760416699;1.07184607775662;1.97979435975274;1.97685895409906;1.96873841586878;1.96592149941436
0;0;0;0;0;0;0;0;0;0;0;0
0;0;0;0;0;0;0;0;0;0;0;0
0.997496967437756;0.996915667842257;0.996805355618625;0.997145517857108;1.0002946470284;1.00195025297093;1.0002086838236;1.08889477068828;1.99655602399265;1.99575185915412;1.99470601393853;1.99562649843055
0;0;0;0;0;0;0;0;0;0;0;0
0;0;0;0;0;0;0;0;0;0;0;0
0.99780737842737;0.999047678490784;1.00423649251321;1.01093714597098;1.01454429884181;1.02167966628361;1.02658520479588;1.10460916288277;2.01461416970126;2.0083809951562;2.01583561620465;2.02263135649631
0;0;0;0;0;0;0;0;0;0;0;0
0;0;0;0;0;0;0;0;0;0;0;0
0.997496967437747;0.996915667842251;0.996805355618644;0.997145517857254;1.00029464702548;1.00195025296804;1.00020868382003;1.08889477068487;1.99655602398921;1.99575185915074;1.99470601393515;1.99562649842708
0;0;0;0;0;0;0;0;0;0;0;0
0;0;0;0;0;0;0;0;0;0;0;0
0.997496967437753;0.996915667842308;0.996805355618698;0.99714551785724;1.00029464702551;1.00195025296735;1.00020868381881;1.08889477068349;1.99655602398787;1.99575185914952;1.99470601393386;1.99562649842553
0;0;0;0;0;0;0;0;0;0;0;0
0;0;0;0;0;0;0;0;0;0;0;0
0.997807378427368;0.999047678491002;1.00423649251345;1.01093714597114;1.01454429884205;1.0216796662841;1.02658520479576;1.10460916288288;2.01461416970128;2.00838099515634;2.01583561620509;2.02263135649653
0;0;0;0;0;0;0;0;0;0;0;0
0;0;0;0;0;0;0;0;0;0;0;0
0.996171137357255;0.994101361052986;0.995101176047827;0.995644780180982;0.99129382610887;0.988071078357393;0.993094354511254;1.0862678604471;1.9920334868503;1.98701702911511;1.99031966248525;1.99006736417333
0;0;0;0;0;0;0;0;0;0;0;0
0;0;0;0;0;0;0;0;0;0;0;0
0.996366625867488;0.995774136348716;0.99368117357868;0.989439836078759;0.984505763909015;0.980018294201631;0.977935438968994;1.07781310612109;1.98149032515704;1.98461844054885;1.98111989318048;1.97633890945836
0;0;0;0;0;0;0;0;0;0;0;0
0;0;0;0;0;0;0;0;0;0;0;0
0.99636662586749;0.995774136348746;0.993681173578767;0.989439836078893;0.984505763908377;0.980018294201421;0.977935438968645;1.07781310612054;1.9814903251565;1.9846184405484;1.98111989318011;1.97633890945792
0;0;0;0;0;0;0;0;0;0;0;0
0;0;0;0;0;0;0;0;0;0;0;0
0.996171137357279;0.994101361053094;0.995101176047941;0.995644780181061;0.991293826108508;0.988071078357596;0.993094354510922;1.08626786044689;1.99203348685014;1.98701702911475;1.990319662485;1.99006736417303
0;0;0;0;0;0;0;0;0;0;0;0
0;0;0;0;0;0;0;0;0;0;0;0
0.996366625867502;0.995774136348752;0.993681173578751;0.989439836078715;0.984505763907953;0.980018294201343;0.977935438968383;1.07781310612063;1.98149032515666;1.98461844054852;1.98111989318001;1.97633890945788
0;0;0;0;0;0;0;0;0;0;0;0
0;0;0;0;0;0;0;0;0;0;0;0
0.99617113735728;0.994101361052999;0.995101176047799;0.995644780181001;0.991293826106927;0.988071078356531;0.993094354509971;1.08626786044603;1.99203348684943;1.98701702911392;1.990319662484;1.990067364172
0;0;0;0;0;0;0;0;0;0;0;0
0;0;0;0;0;0;0;0;0;0;0;0
0.997807378427377;0.99904767849107;1.00423649251352;1.01093714597126;1.01454429884171;1.02167966628366;1.02658520479567;1.10460916288294;2.01461416970148;2.00838099515635;2.01583561620525;2.02263135649665
0;0;0;0;0;0;0;0;0;0;0;0
0;0;0;0;0;0;0;0;0;0;0;0
0.997496967437772;0.996915667842277;0.996805355618669;0.997145517857228;1.00029464702465;1.00195025296723;1.00020868381912;1.08889477068375;1.99655602398816;1.99575185914951;1.99470601393393;1.99562649842566
0;0;0;0;0;0;0;0;0;0;0;0
0;0;0;0;0;0;0;0;0;0;0;0
0.997496967437764;0.996915667842281;0.996805355618625;0.997145517857155;1.00029464702273;1.00195025296481;1.00020868381639;1.08889477068174;1.99655602398604;1.99575185914745;1.99470601393186;1.99562649842327
0;0;0;0;0;0;0;0;0;0;0;0
0;0;0;0;0;0;0;0;0;0;0;0
0.997496967437749;0.996915667842244;0.996805355618599;0.997145517857113;1.00029464702418;1.00195025296682;1.00020868381808;1.08889477068325;1.99655602398745;1.99575185914902;1.99470601393342;1.99562649842495
0;0;0;0;0;0;0;0;0;0;0;0
0;0;0;0;0;0;0;0;0;0;0;0
0.997460061263681;0.992355367590726;0.985886383229887;0.982030435131448;0.983818806212065;0.979998918828549;0.975507760416708;1.07184607775663;1.97979435975276;1.97685895409908;1.9687384158688;1.96592149941437
0;0;0;0;0;0;0;0;0;0;0;0
0;0;0;0;0;0;0;0;0;0;0;0
0.997496967437755;0.996915667842256;0.996805355618631;0.997145517857114;1.00029464702841;1.00195025297093;1.00020868382361;1.08889477068828;1.99655602399265;1.99575185915412;1.99470601393852;1.99562649843054
0;0;0;0;0;0;0;0;0;0;0;0
0;0;0;0;0;0;0;0;0;0;0;0
0.997807378427362;0.999047678490776;1.0042364925132;1.01093714597098;1.01454429884181;1.0216796662836;1.02658520479588;1.10460916288277;2.01461416970125;2.0083809951562;2.01583561620464;2.0226313564963
0;0;0;0;0;0;0;0;0;0;0;0
0;0;0;0;0;0;0;0;0;0;0;0
0.997496967437742;0.996915667842248;0.996805355618648;0.997145517857259;1.00029464702548;1.00195025296804;1.00020868382004;1.08889477068488;1.99655602398921;1.99575185915075;1.99470601393515;1.99562649842707
0;0;0;0;0;0;0;0;0;0;0;0
0;0;0;0;0;0;0;0;0;0;0;0
0.99749696743775;0.996915667842306;0.996805355618697;0.997145517857238;1.00029464702551;1.00195025296735;1.00020868381882;1.0888947706835;1.99655602398788;1.99575185914954;1.99470601393387;1.99562649842554
0;0;0;0;0;0;0;0;0;0;0;0
0;0;0;0;0;0;0;0;0;0;0;0
0.997807378427363;0.999047678490997;1.00423649251344;1.01093714597113;1.01454429884204;1.02167966628409;1.02658520479575;1.10460916288286;2.01461416970126;2.00838099515633;2.01583561620507;2.02263135649651
0;0;0;0;0;0;0;0;0;0;0;0
0;0;0;0;0;0;0;0;0;0;0;0
0.996171137357257;0.99410136105299;0.995101176047835;0.995644780180986;0.991293826108879;0.988071078357393;0.993094354511264;1.08626786044711;1.99203348685031;1.98701702911511;1.99031966248524;1.99006736417333
0;0;0;0;0;0;0;0;0;0;0;0
0;0;0;0;0;0;0;0;0;0;0;0
0.996366625867492;0.995774136348718;0.993681173578675;0.989439836078758;0.984505763909014;0.98001829420163;0.977935438968993;1.07781310612109;1.98149032515702;1.98461844054882;1.98111989318045;1.97633890945833
0;0;0;0;0;0;0;0;0;0;0;0
0;0;0;0;0;0;0;0;0;0;0;0
0.996366625867488;0.99577413634874;0.993681173578754;0.989439836078881;0.98450576390837;0.980018294201409;0.977935438968629;1.07781310612053;1.98149032515648;1.98461844054838;1.98111989318009;1.97633890945791
0;0;0;0;0;0;0;0;0;0;0;0
0;0;0;0;0;0;0;0;0;0;0;0
0.996171137357287;0.994101361053102;0.995101176047935;0.995644780181052;0.991293826108502;0.988071078357598;0.993094354510929;1.0862678604469;1.99203348685016;1.98701702911477;1.99031966248501;1.99006736417306
0;0;0;0;0;0;0;0;0;0;0;0
0;0;0;0;0;0;0;0;0;0;0;0
0.996366625867503;0.995774136348752;0.993681173578749;0.989439836078713;0.984505763907951;0.980018294201341;0.977935438968375;1.07781310612062;1.98149032515665;1.98461844054851;1.98111989318001;1.97633890945788
0;0;0;0;0;0;0;0;0;0;0;0
0;0;0;0;0;0;0;0;0;0;0;0
0.996171137357284;0.994101361053005;0.995101176047806;0.995644780181007;0.991293826106929;0.988071078356531;0.993094354509967;1.08626786044604;1.99203348684943;1.98701702911389;1.99031966248398;1.99006736417197
0;0;0;0;0;0;0;0;0;0;0;0
0;0;0;0;0;0;0;0;0;0;0;0
0.997807378427373;0.999047678491067;1.00423649251352;1.01093714597125;1.01454429884169;1.02167966628364;1.02658520479565;1.10460916288292;2.01461416970145;2.00838099515632;2.01583561620522;2.0226313564966
0;0;0;0;0;0;0;0;0;0;0;0
0;0;0;0;0;0;0;0;0;0;0;0
0.997496967437771;0.996915667842279;0.996805355618668;0.997145517857227;1.00029464702465;1.00195025296723;1.00020868381912;1.08889477068375;1.99655602398816;1.99575185914952;1.99470601393392;1.99562649842567
0;0;0;0;0;0;0;0;0;0;0;0
0;0;0;0;0;0;0;0;0;0;0;0
0.997496967437765;0.996915667842286;0.996805355618626;0.997145517857158;1.00029464702273;1.00195025296481;1.0002086838164;1.08889477068175;1.99655602398605;1.99575185914747;1.99470601393187;1.99562649842328
0;0;0;0;0;0;0;0;0;0;0;0
0;0;0;0;0;0;0;0;0;0;0;0
0.997496967437753;0.996915667842251;0.996805355618605;0.997145517857125;1.00029464702419;1.00195025296683;1.0002086838181;1.08889477068328;1.99655602398748;1.99575185914905;1.99470601393345;1.99562649842499
0;0;0;0;0;0;0;0;0;0;0;0
0;0;0;0;0;0;0;0;0;0;0;0
0.997460061263683;0.992355367590727;0.985886383229885;0.982030435131447;0.983818806212064;0.979998918828548;0.975507760416707;1.07184607775663;1.97979435975276;1.97685895409907;1.9687384158688;1.96592149941437
0;0;0;0;0;0;0;0;0;0;0;0
0;0;0;0;0;0;0;0;0;0;0;0
0.997496967437755;0.996915667842254;0.996805355618628;0.997145517857111;1.00029464702841;1.00195025297094;1.00020868382361;1.08889477068829;1.99655602399267;1.99575185915414;1.99470601393855;1.99562649843056
0;0;0;0;0;0;0;0;0;0;0;0
0;0;0;0;0;0;0;0;0;0;0;0
0.997807378427363;0.999047678490781;1.0042364925132;1.01093714597098;1.0145442988418;1.0216796662836;1.02658520479587;1.10460916288276;2.01461416970125;2.00838099515618;2.01583561620462;2.02263135649628
0;0;0;0;0;0;0;0;0;0;0;0
0;0;0;0;0;0;0;0;0;0;0;0
0.997496967437745;0.996915667842249;0.996805355618648;0.99714551785726;1.00029464702548;1.00195025296805;1.00020868382004;1.08889477068488;1.99655602398921;1.99575185915075;1.99470601393516;1.99562649842708
0;0;0;0;0;0;0;0;0;0;0;0
0;0;0;0;0;0;0;0;0;0;0;0
0.99749696743775;0.996915667842303;0.996805355618695;0.997145517857233;1.0002946470255;1.00195025296735;1.00020868381881;1.08889477068349;1.99655602398787;1.99575185914953;1.99470601393386;1.99562649842553
0;0;0;0;0;0;0;0;0;0;0;0
0;0;0;0;0;0;0;0;0;0;0;0
0.997807378427357;0.999047678490989;1.00423649251343;1.01093714597112;1.01454429884203;1.02167966628408;1.02658520479574;1.10460916288286;2.01461416970126;2.00838099515631;2.01583561620506;2.0226313564965
0;0;0;0;0;0;0;0;0;0;0;0
0;0;0;0;0;0;0;0;0;0;0;0
0.996171137357259;0.994101361052989;0.995101176047836;0.995644780180995;0.99129382610889;0.988071078357413;0.99309435451128;1.08626786044712;1.99203348685033;1.98701702911512;1.99031966248526;1.99006736417336
0;0;0;0;0;0;0;0;0;0;0;0
0;0;0;0;0;0;0;0;0;0;0;0
0.996366625867485;0.995774136348708;0.993681173578666;0.989439836078749;0.984505763909;0.98001829420162;0.977935438968973;1.07781310612107;1.981490325157;1.9846184405488;1.98111989318043;1.97633890945831
0;0;0;0;0;0;0;0;0;0;0;0
0;0;0;0;0;0;0;0;0;0;0;0
0.996366625867488;0.995774136348743;0.993681173578759;0.989439836078882;0.98450576390837;0.980018294201409;0.977935438968633;1.07781310612053;1.98149032515648;1.98461844054838;1.98111989318009;1.97633890945791
0;0;0;0;0;0;0;0;0;0;0;0
0;0;0;0;0;0;0;0;0;0;0;0
0.996171137357281;0.994101361053096;0.99510117604793;0.995644780181043;0.991293826108493;0.988071078357585;0.993094354510904;1.08626786044687;1.99203348685011;1.98701702911473;1.99031966248496;1.99006736417298
0;0;0;0;0;0;0;0;0;0;0;0
0;0;0;0;0;0;0;0;0;0;0;0
0.996366625867502;0.995774136348753;0.99368117357875;0.989439836078716;0.984505763907954;0.980018294201342;0.977935438968382;1.07781310612063;1.98149032515666;1.98461844054853;1.98111989318002;1.97633890945789
0;0;0;0;0;0;0;0;0;0;0;0
0;0;0;0;0;0;0;0;0;0;0;0
0.996171137357287;0.994101361053011;0.99510117604781;0.995644780181019;0.991293826106937;0.988071078356541;0.993094354509982;1.08626786044604;1.99203348684943;1.98701702911391;1.990319662484;1.990067364172
0;0;0;0;0;0;0;0;0;0;0;0
0;0;0;0;0;0;0;0;0;0;0;0
0.997807378427376;0.999047678491066;1.00423649251352;1.01093714597126;1.0145442988417;1.02167966628366;1.02658520479566;1.10460916288293;2.01461416970147;2.00838099515633;2.01583561620522;2.02263135649663
0;0;0;0;0;0;0;0;0;0;0;0
0;0;0;0;0;0;0;0;0;0;0;0
0.99749696743777;0.996915667842274;0.996805355618665;0.997145517857226;1.00029464702464;1.00195025296723;1.00020868381911;1.08889477068374;1.99655602398815;1.9957518591495;1.9947060139339;1.99562649842564
0;0;0;0;0;0;0;0;0;0;0;0
0;0;0;0;0;0;0;0;0;0;0;0
0.997496967437762;0.996915667842281;0.996805355618626;0.997145517857156;1.00029464702273;1.00195025296481;1.00020868381639;1.08889477068174;1.99655602398604;1.99575185914746;1.99470601393186;1.99562649842328
0;0;0;0;0;0;0;0;0;0;0;0
0;0;0;0;0;0;0;0;0;0;0;0
0.997496967437747;0.996915667842239;0.99680535561859;0.997145517857112;1.00029464702417;1.00195025296681;1.00020868381807;1.08889477068324;1.99655602398745;1.99575185914901;1.9947060139334;1.99562649842492
0;0;0;0;0;0;0;0;0;0;0;0
0;0;0;0;0;0;0;0;0;0;0;0
0.997460061263678;0.992355367590721;0.98588638322988;0.982030435131445;0.98381880621206;0.979998918828542;0.975507760416697;1.07184607775662;1.97979435975275;1.97685895409906;1.96873841586878;1.96592149941434
0;0;0;0;0;0;0;0;0;0;0;0
0;0;0;0;0;0;0;0;0;0;0;0
0.997496967437751;0.996915667842258;0.996805355618631;0.997145517857122;1.00029464702841;1.00195025297094;1.00020868382362;1.0888947706883;1.99655602399268;1.99575185915416;1.99470601393856;1.99562649843059
0;0;0;0;0;0;0;0;0;0;0;0
0;0;0;0;0;0;0;0;0;0;0;0
0.997807378427369;0.999047678490781;1.0042364925132;1.01093714597098;1.0145442988418;1.02167966628359;1.02658520479586;1.10460916288276;2.01461416970124;2.00838099515618;2.01583561620462;2.02263135649628
0;0;0;0;0;0;0;0;0;0;0;0
0;0;0;0;0;0;0;0;0;0;0;0
0.997496967437745;0.996915667842252;0.996805355618649;0.997145517857262;1.00029464702548;1.00195025296804;1.00020868382004;1.08889477068488;1.99655602398921;1.99575185915075;1.99470601393515;1.99562649842708
0;0;0;0;0;0;0;0;0;0;0;0
0;0;0;0;0;0;0;0;0;0;0;0
0.997496967437752;0.99691566784231;0.9968053556187;0.997145517857243;1.00029464702551;1.00195025296735;1.00020868381881;1.08889477068349;1.99655602398788;1.99575185914954;1.99470601393386;1.99562649842552
0;0;0;0;0;0;0;0;0;0;0;0
0;0;0;0;0;0;0;0;0;0;0;0
0.997807378427367;0.999047678491001;1.00423649251345;1.01093714597114;1.01454429884205;1.02167966628409;1.02658520479575;1.10460916288287;2.01461416970128;2.00838099515634;2.01583561620508;2.02263135649653
0;0;0;0;0;0;0;0;0;0;0;0
0;0;0;0;0;0;0;0;0;0;0;0
0.996171137357258;0.99410136105299;0.995101176047831;0.995644780180987;0.99129382610888;0.988071078357399;0.993094354511272;1.08626786044712;1.99203348685032;1.98701702911512;1.99031966248526;1.99006736417335
0;0;0;0;0;0;0;0;0;0;0;0
0;0;0;0;0;0;0;0;0;0;0;0
0.996366625867494;0.995774136348724;0.993681173578685;0.989439836078762;0.984505763909021;0.980018294201644;0.977935438969012;1.07781310612111;1.98149032515705;1.98461844054885;1.98111989318051;1.9763389094584
0;0;0;0;0;0;0;0;0;0;0;0
0;0;0;0;0;0;0;0;0;0;0;0
0.996366625867497;0.99577413634875;0.993681173578766;0.989439836078886;0.984505763908379;0.980018294201416;0.97793543896864;1.07781310612054;1.9814903251565;1.9846184405484;1.98111989318011;1.97633890945792
0;0;0;0;0;0;0;0;0;0;0;0
0;0;0;0;0;0;0;0;0;0;0;0
0.996171137357282;0.994101361053096;0.995101176047935;0.995644780181049;0.991293826108499;0.988071078357596;0.993094354510919;1.08626786044688;1.99203348685015;1.98701702911475;1.990319662485;1.99006736417302
0;0;0;0;0;0;0;0;0;0;0;0
0;0;0;0;0;0;0;0;0;0;0;0
0.996366625867503;0.995774136348751;0.993681173578748;0.989439836078712;0.984505763907952;0.980018294201343;0.97793543896838;1.07781310612063;1.98149032515666;1.98461844054851;1.98111989318001;1.97633890945788
0;0;0;0;0;0;0;0;0;0;0;0
0;0;0;0;0;0;0;0;0;0;0;0
0.996171137357284;0.994101361053;0.995101176047802;0.995644780180995;0.991293826106921;0.98807107835653;0.993094354509972;1.08626786044603;1.99203348684942;1.9870170291139;1.990319662484;1.99006736417199
