0;0;0;0;0;0
0;0;0;0;0;0
0.993454403802758;1.00814965502585;1.01854702376235;1.18126905893431;2.0013883897038;2.01059484714857
0;0;0;0;0;0
0;0;0;0;0;0
1.00220149572008;1.00017668928423;1.01970614590979;1.18270469845736;2.00862573889116;2.00384701511331
0;0;0;0;0;0
0;0;0;0;0;0
0.998853302990935;0.997556209056847;1.0160501312385;1.1815668312404;2.00446514476917;2.0008801059505
0;0;0;0;0;0
0;0;0;0;0;0
0.970897875392465;0.949969129839499;0.896488931766851;1.1059393279683;1.90890915480299;1.88816127514799
0;0;0;0;0;0
0;0;0;0;0;0
0.992374046354759;0.988846187898404;1.02889723112143;1.17669387806358;2.00033910486177;1.99465172237033
0;0;0;0;0;0
0;0;0;0;0;0
1.00512418822462;0.994566774966541;1.02499558758373;1.1799159040574;2.01202197244062;1.99939171011761
0;0;0;0;0;0
0;0;0;0;0;0
1.00481055259745;0.99920652026733;1.02392180317275;1.1798768245025;2.01205218654094;2.00231388637849
0;0;0;0;0;0
0;0;0;0;0;0
0.967992867377679;0.954029911596133;0.885710098599202;1.10782499284859;1.90401213774734;1.89100071859205
0;0;0;0;0;0
0;0;0;0;0;0
0.992374046354758;0.988846187898403;1.02889723112143;1.17669387806358;2.00033910486177;1.99465172237032
0;0;0;0;0;0
0;0;0;0;0;0
1.00512418822462;0.994566774966541;1.02499558758373;1.17991590405739;2.01202197244062;1.99939171011761
0;0;0;0;0;0
0;0;0;0;0;0
1.00481055259745;0.999206520267331;1.02392180317275;1.1798768245025;2.01205218654094;2.00231388637848
0;0;0;0;0;0
0;0;0;0;0;0
0.967992867377679;0.954029911596133;0.885710098599202;1.10782499284859;1.90401213774734;1.89100071859205
0;0;0;0;0;0
0;0;0;0;0;0
0.993454403802757;1.00814965502585;1.01854702376235;1.18126905893431;2.0013883897038;2.01059484714857
0;0;0;0;0;0
0;0;0;0;0;0
1.00220149572008;1.00017668928423;1.01970614590979;1.18270469845736;2.00862573889116;2.0038470151133
0;0;0;0;0;0
0;0;0;0;0;0
0.998853302990936;0.99755620905685;1.0160501312385;1.18156683124041;2.00446514476918;2.0008801059505
0;0;0;0;0;0
0;0;0;0;0;0
0.970897875392465;0.949969129839498;0.896488931766849;1.1059393279683;1.90890915480299;1.888161275148
0;0;0;0;0;0
0;0;0;0;0;0
0.99237404635476;0.988846187898404;1.02889723112143;1.17669387806358;2.00033910486177;1.99465172237032
0;0;0;0;0;0
0;0;0;0;0;0
1.00512418822462;0.994566774966542;1.02499558758373;1.1799159040574;2.01202197244062;1.99939171011761
0;0;0;0;0;0
0;0;0;0;0;0
1.00481055259745;0.999206520267329;1.02392180317275;1.1798768245025;2.01205218654095;2.0023138863785
0;0;0;0;0;0
0;0;0;0;0;0
0.967992867377679;0.954029911596134;0.885710098599203;1.10782499284859;1.90401213774734;1.89100071859205
0;0;0;0;0;0
0;0;0;0;0;0
0.993454403802759;1.00814965502585;1.01854702376235;1.18126905893431;2.0013883897038;2.01059484714857
0;0;0;0;0;0
0;0;0;0;0;0
1.00220149572008;1.00017668928423;1.01970614590979;1.18270469845736;2.00862573889116;2.00384701511331
0;0;0;0;0;0
0;0;0;0;0;0
0.998853302990937;0.997556209056851;1.0160501312385;1.18156683124041;2.00446514476918;2.00088010595051
0;0;0;0;0;0
0;0;0;0;0;0
0.970897875392463;0.949969129839495;0.896488931766846;1.10593932796829;1.90890915480298;1.88816127514798
0;0;0;0;0;0
0;0;0;0;0;0
0.993454403802758;1.00814965502585;1.01854702376235;1.18126905893431;2.0013883897038;2.01059484714857
0;0;0;0;0;0
0;0;0;0;0;0
1.00220149572008;1.00017668928422;1.01970614590979;1.18270469845736;2.00862573889116;2.00384701511331
0;0;0;0;0;0
0;0;0;0;0;0
0.998853302990936;0.997556209056848;1.0160501312385;1.1815668312404;2.00446514476918;2.0008801059505
0;0;0;0;0;0
0;0;0;0;0;0
0.970897875392466;0.9499691298395;0.896488931766851;1.1059393279683;1.90890915480299;1.888161275148
0;0;0;0;0;0
0;0;0;0;0;0
0.99237404635476;0.988846187898402;1.02889723112143;1.17669387806358;2.00033910486177;1.99465172237032
0;0;0;0;0;0
0;0;0;0;0;0
1.00512418822462;0.994566774966539;1.02499558758373;1.17991590405739;2.01202197244062;1.99939171011761
0;0;0;0;0;0
0;0;0;0;0;0
1.00481055259745;0.999206520267331;1.02392180317275;1.17987682450251;2.01205218654094;2.00231388637849
0;0;0;0;0;0
0;0;0;0;0;0
0.967992867377679;0.954029911596134;0.885710098599202;1.10782499284859;1.90401213774733;1.89100071859205
0;0;0;0;0;0
0;0;0;0;0;0
0.994681345425519;0.998634278147941;1.01775930226797;1.18086882458866;2.00162410631797;2.00197677774053
0;0;0;0;0;0
0;0;0;0;0;0
0.992270980563119;1.00283676849915;1.01632492526579;1.1817009304045;2.00032023001193;2.00568896862778
0;0;0;0;0;0
0;0;0;0;0;0
0.992907837658849;0.996477530186755;1.02080872330397;1.17747575025944;2.00045720968125;1.99987073318389
0;0;0;0;0;0
0;0;0;0;0;0
0.974149430880138;0.950433034878971;0.894918199613995;1.10633366609139;1.91135136244815;1.88858081416637
0;0;0;0;0;0
0;0;0;0;0;0
0.994681345425518;0.99863427814794;1.01775930226797;1.18086882458866;2.00162410631797;2.00197677774053
0;0;0;0;0;0
0;0;0;0;0;0
0.992270980563122;1.00283676849914;1.01632492526578;1.1817009304045;2.00032023001192;2.00568896862778
0;0;0;0;0;0
0;0;0;0;0;0
0.992907837658852;0.996477530186752;1.02080872330396;1.17747575025944;2.00045720968124;1.99987073318389
0;0;0;0;0;0
0;0;0;0;0;0
0.974149430880136;0.950433034878973;0.894918199613996;1.10633366609139;1.91135136244816;1.88858081416637
0;0;0;0;0;0
0;0;0;0;0;0
0.994681345425519;0.99863427814794;1.01775930226797;1.18086882458866;2.00162410631797;2.00197677774053
0;0;0;0;0;0
0;0;0;0;0;0
0.99227098056312;1.00283676849914;1.01632492526578;1.1817009304045;2.00032023001192;2.00568896862778
0;0;0;0;0;0
0;0;0;0;0;0
0.99290783765885;0.99647753018675;1.02080872330396;1.17747575025943;2.00045720968124;1.99987073318389
0;0;0;0;0;0
0;0;0;0;0;0
0.974149430880137;0.950433034878972;0.894918199613995;1.10633366609139;1.91135136244815;1.88858081416637
0;0;0;0;0;0
0;0;0;0;0;0
0.994681345425517;0.998634278147938;1.01775930226797;1.18086882458865;2.00162410631797;2.00197677774053
0;0;0;0;0;0
0;0;0;0;0;0
0.992270980563121;1.00283676849915;1.01632492526579;1.1817009304045;2.00032023001193;2.00568896862778
0;0;0;0;0;0
0;0;0;0;0;0
0.992907837658849;0.996477530186755;1.02080872330397;1.17747575025944;2.00045720968125;1.9998707331839
0;0;0;0;0;0
0;0;0;0;0;0
0.974149430880138;0.950433034878971;0.894918199613995;1.10633366609139;1.91135136244815;1.88858081416636
0;0;0;0;0;0
0;0;0;0;0;0
0.987804611557918;1.00305302390325;1.01478231815234;1.1796018089292;1.99696581978903;2.0045831603118
0;0;0;0;0;0
0;0;0;0;0;0
0.998638976483424;1.01275262039816;1.01010711270382;1.18459794236685;2.00644847582571;2.01366123385119
0;0;0;0;0;0
0;0;0;0;0;0
0.990461894283057;0.993660014578902;1.02304275174696;1.17757532951334;1.99822904338604;1.99762750373415
0;0;0;0;0;0
0;0;0;0;0;0
0.974906027605979;0.946669120885951;0.898141304541545;1.10618034203456;1.91064087561318;1.88678777089573
0;0;0;0;0;0
0;0;0;0;0;0
0.987804611557918;1.00305302390325;1.01478231815234;1.1796018089292;1.99696581978904;2.0045831603118
0;0;0;0;0;0
0;0;0;0;0;0
0.998638976483424;1.01275262039816;1.01010711270382;1.18459794236685;2.00644847582571;2.01366123385119
0;0;0;0;0;0
0;0;0;0;0;0
0.990461894283058;0.993660014578904;1.02304275174697;1.17757532951335;1.99822904338605;1.99762750373415
0;0;0;0;0;0
0;0;0;0;0;0
0.974906027605979;0.946669120885953;0.898141304541545;1.10618034203456;1.91064087561318;1.88678777089573
0;0;0;0;0;0
0;0;0;0;0;0
0.987804611557917;1.00305302390325;1.01478231815234;1.1796018089292;1.99696581978903;2.00458316031181
0;0;0;0;0;0
0;0;0;0;0;0
0.998638976483424;1.01275262039816;1.01010711270382;1.18459794236685;2.00644847582571;2.0136612338512
0;0;0;0;0;0
0;0;0;0;0;0
0.990461894283057;0.993660014578904;1.02304275174697;1.17757532951335;1.99822904338604;1.99762750373415
0;0;0;0;0;0
0;0;0;0;0;0
0.974906027605977;0.946669120885949;0.898141304541539;1.10618034203456;1.91064087561318;1.88678777089572
0;0;0;0;0;0
0;0;0;0;0;0
0.987804611557919;1.00305302390325;1.01478231815234;1.1796018089292;1.99696581978903;2.0045831603118
0;0;0;0;0;0
0;0;0;0;0;0
0.998638976483425;1.01275262039816;1.01010711270382;1.18459794236685;2.00644847582571;2.0136612338512
0;0;0;0;0;0
0;0;0;0;0;0
0.990461894283059;0.993660014578904;1.02304275174697;1.17757532951334;1.99822904338604;1.99762750373414
0;0;0;0;0;0
0;0;0;0;0;0
0.974906027605978;0.946669120885953;0.898141304541546;1.10618034203457;1.91064087561318;1.88678777089573
0;0;0;0;0;0
0;0;0;0;0;0
0.982603077656888;1.00197790574912;1.0210560600301;1.17669241079171;1.99307673446038;2.00482187086156
0;0;0;0;0;0
0;0;0;0;0;0
0.989612254643524;1.00630509510701;1.01960373316709;1.17880071237711;1.99919322899424;2.00895448996318
0;0;0;0;0;0
0;0;0;0;0;0
0.992794829323153;0.999657519567679;1.02304294173455;1.17769642970318;2.00142245716806;2.00273553413912
0;0;0;0;0;0
0;0;0;0;0;0
0.97899446467926;0.94494210216865;0.892502539970776;1.10915648206918;1.91364166898414;1.88345813610034
0;0;0;0;0;0
0;0;0;0;0;0
0.98260307765689;1.00197790574912;1.02105606003011;1.17669241079172;1.99307673446038;2.00482187086156
0;0;0;0;0;0
0;0;0;0;0;0
0.989612254643526;1.00630509510701;1.01960373316709;1.17880071237711;1.99919322899424;2.00895448996317
0;0;0;0;0;0
0;0;0;0;0;0
0.992794829323153;0.999657519567677;1.02304294173455;1.17769642970317;2.00142245716805;2.00273553413911
0;0;0;0;0;0
0;0;0;0;0;0
0.97899446467926;0.94494210216865;0.89250253997078;1.10915648206918;1.91364166898415;1.88345813610035
0;0;0;0;0;0
0;0;0;0;0;0
0.98260307765689;1.00197790574912;1.02105606003011;1.17669241079171;1.99307673446038;2.00482187086156
0;0;0;0;0;0
0;0;0;0;0;0
0.989612254643524;1.00630509510701;1.01960373316708;1.1788007123771;1.99919322899423;2.00895448996316
0;0;0;0;0;0
0;0;0;0;0;0
0.992794829323154;0.999657519567676;1.02304294173455;1.17769642970317;2.00142245716805;2.00273553413911
0;0;0;0;0;0
0;0;0;0;0;0
0.978994464679258;0.94494210216865;0.892502539970779;1.10915648206918;1.91364166898415;1.88345813610035
0;0;0;0;0;0
0;0;0;0;0;0
0.982603077656893;1.00197790574912;1.02105606003011;1.17669241079172;1.99307673446039;2.00482187086157
0;0;0;0;0;0
0;0;0;0;0;0
0.989612254643524;1.00630509510701;1.01960373316709;1.17880071237711;1.99919322899424;2.00895448996318
0;0;0;0;0;0
0;0;0;0;0;0
0.992794829323152;0.999657519567675;1.02304294173455;1.17769642970317;2.00142245716805;2.00273553413911
0;0;0;0;0;0
0;0;0;0;0;0
0.978994464679259;0.944942102168652;0.892502539970781;1.10915648206918;1.91364166898415;1.88345813610035
