 MeshVersionFormatted 
 2
 Dimension
 3
 Vertices
 9
                    1                         1                         0      1
                   -1                         1                         0      2
                   -1                        -1                         0      3
                    1                        -1                         0      4
  2.7527979895581E-12                         1                         0      1
                   -1       2.7527979895581E-12                         0      2
 -2.7527979895581E-12                        -1                         0      3
                    1      -2.7527979895581E-12                         0      4
                    0                         0                         0      14
 Triangles
 8
 1 5 8 3
 8 5 9 3
 8 9 7 3
 4 7 8 3
 5 2 6 3
 9 5 6 3
 9 6 7 3
 7 6 3 3
 End